19558
20559
21820
12928
7724
1659
-6062
-10644
-16853
-18611
-21069
-21273
-17239
-9057
-4405
-169
4569
9030
15328
18799
19264
19865
18257
12507
7319
349
-8542
-11624
-15877
-21527
-19897
-17539
-18910
-11545
-5392
1805
9691
12625
16682
19392
21357
15282
14310
12289
5473
-700
-6303
-13089
-20197
-16533
-20694
-20088
-15923
-9827
-4620
2415
8337
13574
19006
19715
21444
17672
14069
9596
4376
-2224
-7917
-14619
-15143
-18255
-21969
-19446
-16839
-9647
-4634
2521
11941
15057
19162
18734
20884
19205
12747
7840
1728
-2671
-11060
-14528
-18593
-17051
-19276
-16396
-15107
-6370
-2880
4734
8334
14644
17181
18545
19065
16986
14911
5466
-1344
-6758
-11981
-15557
-19418
-15251
-19340
-15980
-13081
-6082
-777
3202
10509
19132
19386
21753
19897
14291
13387
7144
-2119
-7597
-12875
-18037
-19121
-18599
-17844
-18633
-11933
-8204
3346
6207
13218
17123
20704
20994
17262
15361
10961
2366
827
-8508
-11958
-15667
-19272
-19587
-16397
-13269
-11412
-5655
5701
7227
11898
16677
19432
20292
17577
14793
9514
4807
69
-10100
-13743
-16532
-19147
-19204
-16674
-13539
-10558
-5170
2920
11399
13644
18025
19096
17613
19211
14875
8395
1642
-2451
-11700
-15201
-17419
-20959
-19723
-15884
-11691
-7249
-2162
4704
9079
17932
18177
19309
20409
16750
13840
6611
3023
-4222
-10603
-16078
-21679
-21840
-18558
-17812
-15456
-5908
-1275
7212
12582
15678
18063
18791
20505
16444
13567
6901
1788
-5510
-10902
-14915
-23141
-20617
-19402
-17579
-11433
-6495
2465
6185
9966
19043
18834
18069
16573
15285
11504
3080
-1469
-7003
-10180
-17760
-20260
-20071
-15361
-15809
-11223
-4170
2304
9419
13550
18918
19516
20795
19144
14551
11905
5233
-3398
-7121
-12637
-19113
-18007
-21822
-18061
-15000
-9226
-3883
2357
10454
14390
18933
20890
21446
16817
12875
9075
2990
-1597
-9094
-14432
-17981
-21303
-19742
-16356
-12631
-8438
604
1792
9238
15225
20135
20842
18515
17784
13145
4225
324
-5000
-10726
-17772
-18313
-20730
-21696
-16762
-13119
-7398
204
6062
11481
15885
16093
22071
18603
17307
12948
7041
813
-6477
-9652
-18972
-19518
-19050
-18558
-13770
-11663
-3774
-880
5150
13167
15576
18018
19003
18889
14146
11178
5329
-912
-7185
-13518
-16883
-19899
-21989
-15381
-15280
-10172
-3444
2629
8781
15436
18014
20676
18793
19259
14515
10826
4010
-4271
-7613
-12096
-17011
-21640
-21685
-16504
-13230
-10210
-2978
2707
7591
16107
17271
19634
18202
16283
13951
7057
1537
-229
-8228
-18314
-19551
-17975
-20699
-18246
-12314
-7182
-1532
4246
11093
15428
18787
20338
18727
16216
12827
7498
-314
-4664
-12508
-17451
-19903
-18757
-19494
-18209
-12439
-6187
-1081
7883
11874
14909
18767
20607
20196
15719
11151
4554
-847
-6055
-12039
-17346
-17964
-16048
-19906
-17041
-11603
-6225
-1124
7618
14308
15329
17778
21091
17737
15831
12012
8133
723
-9313
-11736
-17157
-20193
-17718
-18687
-16822
-10579
-5437
-2159
6167
13581
18794
20715
19945
15814
15410
9192
4624
-1289
-8878
-11266
-17367
-17949
-18699
-20113
-14458
-9626
-1162
223
10819
13891
18611
21117
22558
19859
16233
11446
2528
-2903
-10142
-13571
-18965
-20797
-17020
-15586
-10907
-8832
-119
4407
10388
16889
18440
19872
18811
17646
15928
7180
2611
-4460
-10831
-16251
-19273
-23223
-19881
-17861
-10227
-7932
-222
4994
11652
14288
17825
19557
17979
14617
11724
7458
-423
-7432
-13615
-17598
-19000
-20010
-18835
-16073
-11879
-4806
298
6895
11772
16450
18863
18081
17658
13976
10801
5383
-895
-9279
-10701
-15787
-19162
-17984
-19288
-16477
-9984
-3770
1960
8909
13954
17764
19723
18763
16096
15146
9605
5539
-3316
-8354
-14763
-20279
-18513
-21550
-17103
-15701
-12389
-3882
5972
8750
16222
19004
20895
22063
17153
13274
9925
2272
-4164
-8916
-14389
-16306
-20137
-19199
-16248
-13338
-10571
-517
3966
9871
13016
16317
18899
19804
17468
12190
8216
343
-4433
-10739
-16789
-16944
-19723
-19080
-16091
-9620
-7934
-2885
4549
9603
14534
21253
19262
18806
19329
11404
6552
1141
-6005
-11386
-18272
-19949
-19946
-19249
-15242
-10751
-5416
-174
5086
11346
13284
19345
19391
21111
16760
9022
4220
-314
-7275
-14862
-17949
-21800
-17071
-18445
-12628
-8630
-6083
3375
7574
13184
15176
20262
21850
16778
13537
10002
4604
-1082
-7217
-13643
-17818
-18205
-21353
-17838
-14153
-9946
-128
2909
10605
14054
18901
19025
20603
18639
15657
8255
4336
-6978
-7222
-15895
-20319
-18680
-19382
-17356
-14856
-9701
-3335
3749
10475
16000
20321
19973
21377
18608
11308
6980
47
-4714
-12550
-13904
-17870
-19893
-21485
-18264
-10365
-7010
-898
4693
10597
17569
20843
20801
21047
19164
13284
4771
-415
-5186
-11614
-17004
-18748
-22605
-19208
-15370
-11412
-7028
-719
9547
13715
17813
19406
20170
18584
16287
11803
2837
547
-8235
-13338
-16077
-20375
-20990
-15948
-13725
-9201
-3764
2205
9947
10830
17965
17322
20762
19681
14810
12538
5316
-2920
-8446
-15324
-19517
-19191
-20577
-16503
-13489
-11849
-1805
829
9226
15688
16536
19548
19607
15843
13994
7412
3841
-4264
-9799
-14615
-18158
-20167
-21810
-18521
-13877
-8271
182
2919
10605
17323
20541
20089
21025
19721
16940
6780
2326
-5391
-9693
-18051
-21559
-20595
-20778
-18046
-13272
-5894
-2566
7969
11626
13948
20573
20191
18269
15637
11173
7099
817
-6209
-12238
-15118
-17133
-20384
-20351
-15606
-12206
-5213
703
6022
9994
15214
20716
18902
18640
16644
9976
3019
-787
-8318
-15203
-17685
-18336
-20450
-18314
-15365
-8511
-4090
2342
6701
12843
18145
19185
19678
18333
14057
8633
4800
-1919
-10342
-13349
-17144
-21471
-18527
-17319
-14424
-8594
-5630
1468
7890
15682
15670
21056
19206
19520
14399
8705
3788
-5257
-8104
-14555
-16939
-19499
-19274
-16943
-15320
-8227
-3727
4504
11410
15677
18135
18787
17685
17445
15518
8093
1688
-3705
-10768
-14447
-18772
-18632
-19746
-17691
-9939
-8209
-1071
5745
10811
15757
18661
16712
18489
16303
11127
7395
-1795
-6410
-12395
-14961
-18014
-19528
-18784
-17457
-11250
-5254
1507
6130
13840
18235
20491
18924
19426
14042
11912
5665
-1271
-7977
-13244
-19216
-21193
-21658
-19418
-14874
-13238
-4873
-640
7692
13251
17931
19323
20325
19607
15574
10921
2929
-1815
-8252
-15268
-15308
-21059
-20003
-15748
-13974
-9935
-2224
4879
8409
16006
19012
21707
21376
18302
12394
10249
3800
-4461
-8646
-14566
-17274
-19621
-17729
-19690
-12541
-7748
-2649
2424
10834
12794
19605
20696
17512
17386
14107
7676
164
-3218
-8545
-15639
-17828
-19211
-16427
-15657
-13017
-7229
-776
7593
12830
17152
19228
21476
16535
15278
12625
6727
2063
-5918
-8475
-18043
-18350
-19376
-19000
-15575
-9456
-6657
-1814
7424
11051
17186
19571
21494
19206
17490
12295
4198
1014
-8074
-11244
-16242
-19748
-20414
-20082
-16245
-11105
-4224
4607
5786
15629
19215
19842
17637
18858
13651
10329
2115
-4088
-10102
-15076
-17707
-18186
-17142
-18782
-12716
-8721
-5885
2741
8133
11422
16831
18952
19957
17538
12481
8940
2692
-3373
-8578
-16338
-19352
-17866
-18758
-17207
-13534
-8694
-1075
2921
8866
15101
18585
20289
18775
16052
14236
9233
2765
-3133
-11647
-15747
-18707
-17080
-18953
-15856
-11865
-8938
-2704
3775
11014
14316
19161
20619
18797
17527
11948
7563
-1868
-4982
-9863
-17583
-18903
-20263
-19936
-15699
-13125
-6111
-3160
7508
14074
14465
22999
19320
19620
15889
12376
4184
1009
-5379
-14060
-15788
-18721
-20649
-22201
-14791
-9365
-3063
1469
8342
11450
16368
18100
21908
16476
18289
12509
5252
-2155
-9161
-15810
-17442
-23068
-16670
-20077
-15003
-8627
-4384
3768
10993
15412
19132
19855
21628
19322
14432
8439
3536
-4036
-10397
-12038
-18565
-21368
-20348
-18345
-15755
-10755
-572
3411
12003
14517
18313
17813
19346
19207
11053
8131
3849
-4100
-8942
-18211
-17856
-20602
-17978
-17234
-13420
-8319
-3304
2687
10486
18728
19252
19478
18762
16560
12892
4022
261
-3634
-11496
-17860
-18688
-17651
-20922
-15935
-11323
-5446
1928
4475
9988
16451
18649
20124
19614
15370
13772
6333
1407
-6593
-15091
-16843
-19357
-17533
-18485
-18282
-10159
-5850
239
7580
13142
17311
19658
17774
18143
13738
11531
5130
-2196
-7509
-13211
-18719
-19838
-20164
-18200
-15244
-9359
-2250
3137
7933
15156
16763
18264
17237
17185
14831
9508
802
-1953
-7121
-13962
-19579
-21153
-20586
-15669
-10981
-9283
-1032
1987
10583
14295
16267
18140
20003
18059
13738
6641
2776
-6372
-11017
-14079
-19735
-17836
-19400
-17166
-14328
-5268
-1973
3635
10016
16305
20493
16432
18966
17825
12447
7706
143
-8575
-13156
-16981
-19919
-20409
-22758
-16703
-14427
-3487
923
6099
14158
15716
19918
19437
17496
16272
8152
7650
270
-7195
-12348
-16259
-17171
-19930
-21252
-14292
-11366
-3799
1491
6750
14975
15275
18656
18982
19869
16332
11369
3387
-2707
-7981
-13189
-17397
-18109
-20549
-20872
-16193
-8230
-1779
3567
9719
12018
18975
20088
18553
19476
14978
9518
3231
-1392
-10228
-12970
-18373
-17900
-24220
-17881
-14624
-6375
-3549
5156
10766
15614
17544
20879
19128
15646
16064
7801
2464
-3195
-9402
-15342
-18238
-21716
-19360
-17012
-12532
-6660
-1873
7797
10143
14248
20485
16743
20737
19297
11140
5446
-889
-5794
-14920
-14577
-16951
-18904
-20488
-15381
-14646
-4985
-708
6558
10531
14132
19414
20460
19077
18405
10815
8067
415
-7887
-13269
-18835
-16868
-18802
-19647
-15664
-10921
-6194
746
8026
11650
18042
21020
23416
18732
14845
12486
3246
-1915
-10088
-16057
-17633
-19600
-18524
-18115
-12495
-7864
-1175
756
11122
12253
16115
22227
19546
15427
16669
7284
5554
-754
-9534
-13777
-18078
-21659
-18288
-19744
-12888
-8076
-3111
3901
10843
13984
18024
19870
17392
17633
13277
6886
-104
-4955
-9448
-14795
-19931
-19046
-19589
-15401
-14120
-8029
-223
7245
10529
14503
19982
18195
18465
19824
10717
8345
-1522
-4474
-10998
-16966
-19505
-20729
-19492
-16921
-12831
-4015
-1073
10185
13344
16605
19495
19621
18894
15981
13006
5520
95
-5946
-12193
-16868
-18225
-20374
-19529
-14571
-12837
-5668
277
7088
13696
18026
19804
18142
17973
15029
11350
4557
-2511
-6722
-14136
-18716
-18154
-20118
-15902
-14309
-8622
-4790
2019
9432
13498
15326
20682
20032
18046
13989
7258
2559
578
-9999
-11357
-16620
-21610
-18730
-18206
-15497
-7653
-1769
4737
10391
14162
16922
22661
17735
15261
13645
9968
2779
-4099
-11507
-14379
-17650
-18902
-17613
-18478
-13768
-7454
-155
3100
11820
12831
17983
19298
20991
15059
13339
8721
-3
-3723
-8556
-15926
-19093
-22795
-19620
-17258
-10231
-7199
-2009
8040
11221
16322
21419
18144
18197
14700
13085
3247
-462
-6033
-11591
-17189
-20171
-19981
-20304
-16191
-10638
-9980
2312
7943
12168
13525
18897
17055
16949
14869
12617
4866
-2077
-7808
-13854
-18957
-19472
-20349
-17810
-15337
-11689
-6743
554
8428
11805
17253
21995
21318
20086
16644
7610
2095
-1413
-12075
-13308
-16625
-20499
-20414
-19575
-13401
-9991
-1434
2424
9397
16629
18054
19864
20376
15283
14959
10610
3469
-3373
-9349
-11722
-16268
-21127
-18305
-15664
-13141
-4593
-1418
6069
11305
18164
19692
20616
18547
19198
10890
6735
2146
-4492
-11072
-13086
-20907
-18528
-18789
-17233
-13865
-3569
-1239
4666
11809
15752
19160
21394
17984
13212
11034
6459
-1752
-8579
-12064
-16951
-18393
-19700
-17770
-15296
-13664
-5559
3
8932
12112
15187
18308
19306
18192
11933
11403
4861
179
-7673
-13862
-19405
-16828
-18243
-18619
-15686
-10888
-4236
-1299
9604
11804
19787
21980
18177
16779
14107
10805
3869
-924
-8483
-15067
-17136
-19831
-19200
-19010
-15798
-11396
-2354
4130
9221
15533
16704
16917
18369
15946
14149
10230
425
-3623
-12252
-14489
-18139
-20392
-18891
-17343
-12902
-7878
-2388
5152
10379
13676
17771
19610
17921
17344
11208
4913
1992
-4070
-11441
-12768
-18365
-20375
-18748
-15585
-12036
-8655
-2703
4671
12955
16661
20075
20732
20383
16851
9810
5058
-739
-7119
-8262
-20246
-18182
-19984
-18723
-15839
-10118
-5473
1703
6878
9939
16248
19491
21145
16614
14084
12928
4567
-1708
-8060
-12804
-17300
-21012
-18227
-17789
-15306
-10699
-4354
1027
7139
15641
18625
17993
22420
18943
15079
7667
5063
-2669
-11139
-12718
-15830
-19455
-21314
-17312
-14893
-10036
-2462
2411
8273
15311
18197
19060
21006
15522
12494
5240
1587
-2856
-11626
-14452
-19143
-18680
-19451
-18900
-11998
-6982
-2667
5303
11066
15840
18961
16980
19085
18501
13468
9057
3893
-5043
-11219
-13539
-18330
-20954
-19329
-16381
-13484
-6751
-1821
6155
12964
16632
17812
20918
19889
14795
12459
3072
1233
-5818
-14276
-17507
-20864
-20726
-16231
-14394
-9374
-3032
1213
7527
12533
20660
19924
19171
16974
16190
10692
4919
709
-7121
-10466
-17191
-21193
-20955
-17853
-12533
-8052
-3994
931
7277
14901
16274
19412
19150
17762
15825
7641
1707
77
-7454
-12062
-18921
-21025
-18618
-17553
-13660
-7160
-2930
5397
10310
15139
18718
18847
21903
18921
14576
7362
-19
-4480
-9273
-15360
-19590
-18384
-16181
-15031
-13209
-6253
-1486
6580
9451
15997
19920
20499
17569
18853
12356
6388
968
-5927
-10613
-13742
-17124
-18792
-19152
-16513
-12074
-3767
1778
3471
10749
15716
20351
20748
18566
15593
10605
5910
2172
-4321
-11767
-15192
-17868
-21185
-20088
-17406
-10103
-5944
1645
9512
14155
16114
17147
21211
19203
15603
12146
5240
148
-6346
-14116
-18831
-21272
-18104
-18472
-14439
-10898
-3147
2668
8555
14103
16490
21406
19512
20562
15554
9460
4720
-3066
-9330
-11996
-18321
-18732
-18093
-19477
-14877
-6690
-2982
3053
8799
15083
16269
18824
23532
19392
13427
7619
1997
-3591
-9565
-15542
-18861
-21626
-19727
-15405
-14240
-8234
-2949
5541
10587
16702
16621
21344
18776
18080
12351
8895
961
-4282
-11816
-14065
-18334
-19043
-20972
-16938
-12072
-6599
2510
6018
11443
14571
18433
21767
19144
16611
12289
6809
2990
-4946
-11449
-15827
-18649
-19110
-17597
-15241
-12368
-2957
2006
7270
9986
17413
19786
20693
16295
14840
11615
5904
881
-7681
-13890
-17069
-21421
-19100
-19441
-14266
-11273
-4723
2947
8470
13383
17765
17828
18231
17586
14704
8838
1822
-1431
-10532
-15072
-18349
-18484
-22133
-19984
-15939
-9675
-1862
437
10417
13333
18438
17302
18526
17599
12976
10616
-1295
-3280
-10498
-13935
-17169
-21793
-20195
-17836
-12513
-9374
693
4493
10748
15295
18143
19358
18393
16013
13052
8932
-1520
-5264
-11198
-17391
-20443
-20095
-19673
-17161
-11669
-6397
-885
4768
10201
15723
18359
19407
18670
14920
10675
4933
49
-4657
-9534
-15510
-21705
-21732
-18424
-16835
-10325
-5255
1831
7162
14325
15203
21074
19494
20692
13659
11752
3697
-3023
-8307
-13811
-17548
-18419
-20197
-17287
-13561
-11007
-3008
37
6322
9761
16992
21435
20829
18142
14082
10746
2901
-3371
-6219
-15315
-15936
-20514
-22047
-15934
-12277
-13086
-936
1396
8069
13117
18506
19157
18141
17950
14134
7316
2774
-2327
-7641
-16265
-17338
-20002
-20039
-16238
-13224
-9043
-3171
2799
9061
14520
20999
19732
19226
17289
10729
6354
757
-2103
-12962
-14047
-18675
-21205
-20333
-16136
-15283
-9631
-2221
2237
8026
16800
19936
20240
18130
14673
9571
5352
362
-7051
-10433
-16407
-19749
-20648
-18484
-13713
-10611
-4538
-2426
9023
12909
17724
16785
21590
16787
17703
9988
5961
-2825
-7095
-14063
-18837
-17659
-18499
-19050
-16250
-10894
-4725
1462
5021
12233
17564
18217
17701
16740
14956
9178
2291
-165
-6652
-13340
-18249
-19270
-18774
-18504
-15983
-9010
-749
2413
8084
13012
20711
19753
17800
17201
15820
10110
2551
-2420
-9154
-15971
-16903
-21895
-17735
-16488
-12560
-9328
-2285
4988
13518
14472
17056
21646
17762
14421
14059
7311
1156
-3979
-12091
-19340
-16816
-19597
-18319
-15056
-12279
-7235
-2710
4844
9847
13290
19406
22598
20742
13577
14297
4967
979
-7273
-10453
-16147
-19108
-20175
-19507
-16815
-11793
-5001
-1527
6010
12842
16606
21761
19142
17855
18023
12498
6164
-3480
-7798
-12098
-15684
-19958
-19566
-17764
-14214
-10058
-4557
2305
9297
13059
17684
20939
18450
17949
14774
9229
3659
-2079
-7822
-14356
-19537
-19336
-19584
-18314
-12157
-9291
-3344
5653
8253
13538
19281
20772
20864
18072
17348
7743
3932
-4090
-10971
-15632
-14968
-20390
-18359
-18517
-12633
-7691
-1457
5107
8904
13485
19007
19990
19915
19036
12385
7231
2879
-5728
-10108
-14692
-20405
-19555
-16890
-19015
-13474
-8661
-1182
3586
11099
16291
18588
20070
17480
16948
11635
8331
669
-7302
-10361
-14505
-18691
-19842
-19091
-18794
-11666
-5098
-84
5685
10504
14782
17678
18876
19195
18577
12872
7203
595
-6156
-11025
-17502
-19743
-18654
-19073
-14225
-9247
-4751
2863
6487
12231
14751
19866
19369
19112
14279
9478
5036
-467
-7230
-14548
-16908
-20196
-20468
-18767
-14728
-7464
-3852
2467
10149
15421
17567
19544
21350
18467
13690
8264
4561
-3964
-13131
-13670
-19165
-21573
-20864
-19188
-12284
-8611
-5681
6975
9628
14339
19113
20881
20244
15007
14125
6398
2374
-3180
-8409
-14210
-16862
-19790
-17282
-18376
-14001
-6207
-3536
6081
13291
15087
19138
19596
18507
17270
12871
5753
-76
-7374
-12256
-16184
-18092
-22706
-16145
-13689
-10222
-6439
1458
7980
14062
16038
18979
22826
19466
13304
11946
6039
48
-7229
-11585
-16727
-17814
-19504
-18179
-15111
-11561
-1342
2146
8263
12694
17191
20383
20558
17329
14879
7682
2500
-2751
-7948
-12390
-14587
-20595
-23368
-15886
-13208
-7823
-2161
4518
8364
13468
17625
18451
19514
19319
13874
9729
2675
-5079
-8137
-15206
-19611
-21336
-18888
-18940
-11893
-8262
-2282
4233
11271
13620
18327
21819
20037
17210
13257
6098
1334
-3833
-8471
-15981
-19589
-20918
-19344
-15293
-12055
-6179
-2648
5096
12656
14971
19022
18570
17354
16459
11710
8873
904
-6332
-12450
-15859
-18870
-18186
-16894
-15597
-10005
-6450
1520
6320
10159
15662
20407
21196
19391
14330
12151
4723
-732
-8336
-12072
-15838
-18974
-19517
-16436
-15374
-12021
-4055
3817
9536
15957
16594
18224
20483
19204
12777
10494
5002
-1441
-7890
-13849
-16236
-20288
-19173
-18333
-14763
-9973
-4734
4161
7761
13186
15709
18686
19024
18341
13481
11061
3706
-5440
-7705
-16294
-17535
-19318
-18319
-18081
-15020
-9101
-2338
3126
9752
11798
18435
18650
19589
15449
12696
8404
2671
-6493
-11562
-14733
-19162
-20130
-17470
-17498
-13155
-5486
-2638
3496
11129
17766
16630
19760
20636
19397
11262
6311
1885
-6231
-11159
-16990
-19540
-20328
-18900
-16491
-10940
-6055
37
5826
14422
14115
19126
20931
19147
14061
10754
3964
1586
-4622
-12737
-16317
-20184
-19277
-19500
-13396
-10992
-2298
4095
8674
13167
17897
18756
17298
18289
14179
11829
4199
-801
-7732
-13459
-21515
-21859
-19328
-16065
-13734
-8381
-4456
2960
8903
14546
17766
19081
16448
13660
14043
7181
5177
-4271
-9669
-15720
-17276
-20181
-20430
-16378
-11480
-8724
-2912
3202
12296
13369
18741
18834
18893
19335
10016
9530
1435
-6893
-9450
-12690
-18382
-20030
-20543
-17531
-12433
-5073
-1407
6766
12779
16930
18721
21716
16314
15931
11135
6975
45
-7011
-7791
-15161
-19945
-18258
-18492
-16407
-13050
-7544
-1590
7473
10760
15972
20495
21194
18541
16317
14182
5962
734
-9086
-11913
-15390
-20767
-21967
-20874
-16924
-8578
-2903
1305
5814
12252
14666
17201
21114
18147
15064
8786
5067
-1141
-8618
-13736
-17855
-19539
-21239
-18414
-18268
-7977
-4143
3987
7810
11772
18656
21594
18527
17653
12655
5395
1933
66
-9540
-15339
-17242
-20137
-18750
-16230
-12503
-6369
-830
2045
9901
14234
20183
20244
20450
14833
13682
7469
1336
-6343
-9555
-11684
-16565
-19503
-19881
-18344
-14210
-7201
-1135
2817
10743
13405
20164
19802
20772
16770
13578
7204
348
-5438
-8847
-20197
-20907
-20793
-18101
-14940
-14828
-4915
-1144
6987
11732
15211
18900
21582
17632
17247
11510
5750
-349
-7744
-12564
-17062
-20432
-21510
-18153
-14660
-11645
-5760
1393
6844
14451
17020
17797
21637
16488
14532
11194
5229
-3640
-7951
-13760
-18368
-19671
-19070
-15681
-15593
-8924
-4070
243
7211
13957
18017
21209
21084
16884
13413
8464
2541
-3364
-9296
-14806
-18577
-18490
-19650
-16179
-13619
-9869
-1219
1869
12859
13556
19055
19984
20473
17240
12062
7579
852
-5392
-10025
-14269
-17980
-22425
-21691
-18618
-11660
-4542
-242
4789
10391
14201
15445
19136
21159
17764
14440
9756
1586
-7897
-13766
-13515
-18010
-18857
-17454
-16057
-10366
-4401
-721
4999
11545
15439
18222
16292
18850
14995
10011
6656
-1531
-8027
-11540
-16789
-18544
-20040
-21072
-15401
-10671
-4792
1229
8185
12370
16114
16860
21191
16898
13542
8836
1551
-534
-7840
-11982
-16798
-19049
-22749
-18697
-13348
-13503
-4797
2038
6091
15642
15623
18217
19187
16217
12317
11353
3585
-1705
-10178
-12008
-17491
-17895
-20847
-17023
-13946
-9521
-710
5071
10030
16017
16894
19327
19696
16832
11160
8815
3031
-3979
-10619
-14340
-19424
-18648
-16812
-14269
-13066
-8878
-2904
6005
12289
16382
17471
18660
21687
16516
12748
9636
1299
-7355
-13203
-14284
-18986
-20052
-18803
-13689
-11945
-9689
377
6179
10106
14037
17267
18921
21820
15673
11046
5436
-1854
-4665
-11981
-16354
-20847
-20508
-18770
-15782
-11466
-3940
2199
5565
14186
16166
18416
18933
19912
15618
8613
3235
-478
-7969
-12135
-15734
-19392
-19898
-18630
-14730
-9263
-2223
2599
7588
13796
13279
15294
20206
17427
14855
7270
2026
-1797
-7768
-16715
-19979
-17884
-17887
-14324
-13080
-7179
-2568
4211
10278
12579
19492
19822
19951
18299
14250
4879
654
-4118
-9731
-14897
-20040
-19822
-20723
-14704
-11884
-7581
-117
5166
10328
14519
17146
19229
20406
13984
13174
3557
594
-6160
-10053
-15499
-15673
-19518
-18882
-16276
-11281
-7877
-77
5729
14902
18063
18568
21016
16052
17548
10964
3884
1630
-6793
-13423
-15129
-17887
-20874
-17587
-16313
-10749
-7612
187
7672
14096
16514
20377
19870
17324
16860
12063
4944
749
-7959
-11242
-17015
-18334
-18112
-17219
-13632
-7267
-5295
3925
8866
15310
20510
19617
21409
19735
14200
7539
3998
-2810
-11279
-13983
-17797
-17660
-21355
-17229
-16157
-8041
-2219
2945
8143
12850
18271
17010
21217
15473
11835
9622
3564
-5615
-9258
-15950
-16681
-18650
-20581
-16713
-12546
-6187
-468
4820
12581
15827
17463
18487
16918
18336
12422
6281
2009
-5110
-13531
-14943
-17442
-19791
-19121
-17631
-10765
-8428
-562
4241
8083
16613
16700
20214
21390
13783
11916
5323
-1959
-5485
-9809
-17268
-18935
-20611
-17007
-15423
-10581
-3370
2485
6434
11336
19181
19028
17218
17604
14849
10998
3517
-4730
-6471
-11617
-14191
-19174
-19674
-18642
-13334
-8748
-4329
2364
6770
12456
18342
17337
19843
20612
15550
9784
4071
-2578
-9468
-16514
-18167
-17989
-19495
-19624
-15235
-10028
1116
2946
11519
13088
18575
18023
20616
16390
12362
9858
1468
-5989
-10012
-16128
-15874
-20267
-19576
-19036
-9475
-7669
-2558
1478
9552
16692
18649
21410
16809
17629
11167
7185
2928
-4546
-10854
-14734
-18538
-18156
-19886
-18420
-11806
-7743
-874
5859
12394
17851
20647
21827
21278
14102
12274
6184
-3699
-4993
-13221
-17060
-20075
-21184
-19032
-12207
-11562
-5022
2160
7418
12182
16853
20203
21652
19397
17729
10737
3238
-1250
-7107
-13374
-16645
-18038
-22050
-18585
-14615
-8980
-5690
2357
6826
14712
15979
20767
18934
17422
13589
9434
2633
-3739
-7894
-15482
-16374
-18335
-19799
-17033
-13292
-10428
842
5191
10030
10704
16559
18065
19825
18833
11999
7776
2370
-5072
-10802
-14532
-17687
-15991
-17797
-15445
-12368
-5677
-3380
5672
11281
14479
19532
21337
18581
19403
12800
6285
1238
-7414
-12071
-16304
-18050
-21210
-19011
-18666
-10213
-4813
713
4503
13673
16099
17251
20543
20848
15312
12973
6611
-3054
-6811
-10728
-17208
-17666
-22324
-15796
-15471
-10716
-4199
855
6276
13637
18664
18056
20938
19438
15083
11580
4466
-351
-9386
-16266
-17040
-20074
-21318
-18850
-12853
-8561
-1892
954
10317
11627
17593
18699
20730
16904
16214
10101
5919
-698
-12175
-15101
-18843
-20853
-18063
-16926
-13725
-8476
-2599
2604
9722
13109
18269
18467
19357
16372
14993
6634
1412
-2529
-8997
-16589
-18919
-19827
-20059
-16882
-13484
-8297
-1261
5733
11789
16430
17755
20439
17880
16632
10425
8788
967
-2920
-10000
-16315
-18393
-19653
-18322
-15512
-11882
-7074
1941
6646
12667
17646
19629
21420
17646
16189
11515
5762
1221
-6587
-13689
-16058
-18293
-19405
-18927
-16451
-10773
-6691
2644
6487
12860
17932
17514
20441
19135
16728
12823
6942
1622
-9392
-14131
-16634
-21537
-21578
-16814
-15209
-9408
-4264
641
6817
14817
19604
18511
19249
18814
13905
9455
-502
-5255
-8037
-12931
-16203
-20947
-20323
-16912
-12028
-7350
-4998
3603
8192
15030
18626
19643
19088
16631
14640
9626
1037
-922
-9854
-13481
-15894
-17854
-20195
-16991
-11982
-9497
-2533
4127
9144
16150
15903
20402
21184
17440
12651
6861
1312
-4384
-10751
-15127
-20992
-18737
-18915
-18519
-11549
-7764
56
4664
12887
16605
20746
22463
20341
16287
12404
6256
-817
-8837
-13946
-18345
-19987
-21968
-17960
-15402
-13500
-8144
406
8054
11945
14717
17267
21273
18633
15924
9582
4460
178
-8155
-13168
-19055
-20039
-17775
-19587
-14089
-10464
-3374
4037
8638
12885
15540
19520
20600
18566
14512
8857
3796
-2612
-8201
-15212
-17447
-17253
-20792
-15566
-14120
-10973
-968
5120
8499
13964
19561
19549
19902
16095
13639
9812
3853
-4145
-10000
-14976
-18443
-20740
-17007
-17399
-13732
-8130
-3117
4107
10540
13733
18636
21013
17920
16835
11902
8056
2419
-3819
-11440
-15961
-18567
-19807
-17371
-17067
-11065
-7152
-2836
4063
9288
14777
20655
19761
17900
15557
9329
7038
-425
-8841
-10943
-13969
-20268
-19039
-17827
-15082
-11370
-4089
-166
7135
11941
16918
19788
19513
16843
16137
9927
4907
-926
-7433
-9258
-19828
-19453
-19568
-16995
-15524
-9760
-3367
-551
9041
12943
18738
20476
19720
17073
12907
8136
2888
-3405
-9602
-14128
-15801
-19468
-19747
-18846
-13796
-9786
-6937
3109
10488
15830
18294
19407
17679
17675
12671
6955
2407
-4735
-8780
-13340
-19869
-20054
-21686
-17253
-13689
-6179
398
5558
10365
14967
20125
20304
19850
15880
14126
8160
1900
-3514
-10850
-17353
-18858
-19709
-17321
-16615
-13577
-5827
1602
6671
9597
17102
19961
17980
19187
17279
11068
7064
977
-5211
-9871
-19185
-21962
-20271
-19564
-15738
-13097
-2458
818
5764
13043
14969
20077
19539
17298
15145
10341
5737
-1720
-7561
-11354
-17397
-20049
-19920
-16297
-12563
-10415
-3597
3751
7416
14103
16471
19279
18015
17740
13890
9265
4312
-3546
-10639
-16643
-18991
-17806
-17680
-18584
-14609
-9096
-1850
3507
9280
15695
17957
17339
19884
17548
16296
6464
4514
-2801
-8288
-14436
-19776
-20633
-16400
-17837
-11658
-7923
-3699
4745
10732
15829
19405
21649
19399
15506
15512
8155
1932
-5101
-9310
-16661
-20574
-19240
-20632
-16132
-12362
-6776
-769
6012
12253
13532
18872
17895
17207
15634
11261
9466
470
-6013
-12836
-15921
-18721
-20728
-21154
-15712
-12639
-6604
-1348
5333
12381
16814
20864
19043
16134
15724
11421
4455
-1478
-5196
-13620
-19437
-17385
-21223
-19841
-15484
-12553
-4800
3242
9772
12772
18518
19540
19270
19915
13812
6990
3198
-2852
-8721
-15250
-17735
-19936
-17119
-17524
-14216
-10155
-1698
2433
9780
16203
17016
19169
17695
16135
14290
8167
1107
-3518
-8519
-11933
-17689
-18392
-19705
-18704
-13070
-4538
-2346
4634
9703
11841
18005
19187
19766
16688
14140
7129
986
-7900
-10867
-15630
-16773
-21475
-19098
-15360
-12983
-7589
1632
4900
9060
18182
19573
19580
18858
16236
11232
6955
1366
-6278
-12313
-15846
-19793
-19873
-20765
-15337
-10235
-3814
2784
7821
14521
17778
20105
19797
18794
14530
8967
5260
295
-7977
-10677
-17158
-19714
-18129
-18141
-14137
-10743
-4206
2898
9626
12965
15984
22090
21604
19113
16418
9267
2271
-2052
-7727
-15690
-17447
-19811
-20415
-16342
-14982
-10114
-4480
3218
8858
14071
20188
21506
19908
19932
13342
5335
4416
-4204
-10168
-12971
-15813
-21974
-18462
-19189
-13759
-7076
-1422
5063
12158
14250
18066
20406
19664
18433
13093
8668
619
-3532
-10624
-15228
-19642
-19773
-19923
-17491
-12552
-6001
-1925
6039
12989
15880
20380
19824
19351
13872
10223
5391
-876
-7842
-14361
-19659
-17856
-19376
-17270
-14422
-12656
-4207
-796
7927
11815
17292
19393
21330
18611
13443
11803
6038
-740
-8320
-12821
-17758
-19613
-19242
-18032
-17066
-9838
-3158
1360
8766
12576
14982
20409
18699
16247
11020
10115
5118
-3706
-10191
-13185
-18380
-20811
-21405
-16981
-14862
-9438
-4073
6243
10063
13142
16898
20768
19721
16847
12288
9296
3423
-4633
-10234
-17806
-19377
-20604
-18727
-17313
-13159
-7551
-2085
2735
8789
14809
18726
19719
19234
17942
12655
6726
616
-7893
-10077
-11560
-18682
-19317
-20559
-18573
-13162
-6694
-560
4267
11055
16184
17770
19089
18489
14881
11807
5556
1140
-7077
-11061
-16355
-18727
-20813
-19731
-17601
-10737
-6937
-2624
7829
10004
16214
19488
17440
18901
15653
11254
3842
-3321
-5891
-13028
-18710
-20954
-19583
-18478
-16338
-10693
-3519
2257
7813
10981
16464
20312
19893
17591
16733
9135
2861
-2459
-5911
-12216
-19272
-19117
-18625
-18839
-15320
-10677
-4490
188
7996
15051
17078
21795
17789
17719
13031
8652
2313
-4944
-9869
-12968
-19092
-20108
-19049
-16735
-13677
-7244
-1539
5476
11217
15854
20686
19780
19812
16500
13387
7189
-54
-7104
-9931
-14908
-18984
-20408
-17540
-16304
-13269
-7349
-865
4268
11041
18674
18929
20316
20971
16138
11177
6643
1178
-5491
-10882
-16409
-20975
-20118
-18693
-15838
-11204
-6990
-94
6183
11795
15733
18246
21577
20433
14838
10395
3645
-1368
-5634
-10606
-17044
-18685
-21983
-16837
-13640
-13081
-5080
2890
5743
12746
16256
20412
20366
17376
14736
11197
3310
-3205
-7179
-13388
-18649
-21523
-19901
-17056
-14716
-8710
-861
1077
7142
15808
18100
20651
21499
18245
12536
7949
4070
-5525
-9616
-13745
-17314
-20571
-19318
-17238
-14681
-11152
-1858
3229
11487
13880
18458
20540
20102
18381
13066
10090
-136
-2095
-9650
-17294
-18116
-19113
-20244
-18827
-11764
-9325
-1544
8577
10559
15963
20607
19714
18819
17293
11274
5396
-47
-3733
-8510
-17734
-20540
-19944
-18355
-16272
-10802
-5503
1137
4839
11772
18727
18590
19141
19484
17556
11567
5629
-1858
-6692
-11150
-14394
-19906
-20942
-17388
-15886
-9864
-3880
779
7931
13479
19499
18576
20094
17245
14218
11873
4288
-4292
-7136
-15568
-18558
-20772
-20571
-19665
-13531
-10656
-5567
151
9891
14541
16531
20238
21388
17229
13378
7338
4322
-5110
-9761
-15732
-18585
-21944
-19325
-17269
-16029
-6707
-529
2086
7181
15107
17367
19781
17862
18976
13843
9267
1959
-4117
-11421
-14760
-20310
-18025
-19872
-19867
-13951
-8467
-1000
4484
9573
14409
20062
21345
18632
15653
12854
4898
1491
-6647
-12446
-13865
-18735
-20687
-18953
-16834
-11608
-6074
1435
6879
11725
14743
18014
21855
21011
14230
12765
3455
-3037
-6256
-13643
-16611
-18676
-21490
-19599
-15736
-12070
-4808
1905
6455
13286
17570
19026
17006
19492
15351
9234
5016
-1501
-8013
-14306
-17367
-20639
-21816
-17937
-15880
-8830
-3565
3080
7684
13885
17476
19408
20493
16699
12822
6338
3093
-3219
-10240
-15215
-19884
-18493
-20053
-17388
-14244
-7249
-4610
4974
7963
13056
17857
18044
20993
15017
13996
8684
-531
-2637
-12479
-16218
-15601
-17783
-21363
-16384
-13507
-6627
793
6268
10691
15567
19470
21274
20194
17707
11616
8039
86
-5742
-13325
-14144
-17801
-21491
-20867
-14227
-11437
-7760
1815
6727
12859
15981
18151
20870
19264
17402
9731
7684
186
-5968
-14885
-15472
-17333
-21606
-15811
-14920
-12459
-3469
2593
8985
10148
16381
20222
20890
16442
15425
9629
4347
-2809
-10051
-12482
-19804
-19256
-20654
-17573
-13798
-9558
-2381
2705
10214
13504
15073
19268
17286
21114
13377
9227
109
-2985
-6249
-13808
-20650
-20688
-18636
-16292
-14192
-6345
-3036
2748
8720
15913
17119
19664
18831
18362
11866
7895
1046
-995
-8600
-13265
-18713
-20590
-18494
-18839
-13138
-9168
-981
6810
11298
15698
17123
18253
18985
17168
13460
7153
2516
-5419
-11993
-13925
-18560
-17106
-16620
-19144
-12365
-9158
-1255
7479
11681
17560
17969
20688
18480
15362
12592
4069
-1558
-4734
-9712
-15331
-19947
-23537
-20233
-16219
-10705
-5199
31
11083
10846
19096
21579
21117
15878
14584
9487
4850
-479
-9805
-11380
-15475
-21768
-19241
-19846
-13128
-8800
-4130
2361
7760
11900
16239
19103
22879
15877
15378
7326
2759
-3368
-10989
-16496
-17450
-17934
-20160
-15866
-13571
-7876
-3064
594
9668
13850
18449
20281
19016
16438
13817
6930
1868
-3782
-10891
-14343
-18868
19593
20832
17535
11834
7852
1084
-5771
-12123
-16212
-18160
-21662
-18779
-16069
-11700
-5818
-55
2667
12259
17251
21645
17862
21081
15340
11711
4286
-1238
-6004
-13070
-18859
-17922
-20744
-17821
-17599
-11106
-4318
-1031
7368
11901
14915
20511
23862
17577
16970
10403
5017
-952
-7848
-14802
-16286
-18884
-19802
-17803
-16000
-9574
-1858
4362
7567
13776
17048
19987
20944
18221
14176
11862
1485
-4090
-8447
-12516
-18240
-19752
-21058
-18921
-13593
-8125
-3360
3310
10251
15569
18104
20393
17707
15717
13629
9679
5239
-4879
-9206
-14742
-16841
-19671
-16705
-15836
-13690
-8212
-2588
4488
12063
13879
19914
21038
18294
18124
13971
9986
376
-7258
-12435
-14834
-17202
-17482
-21018
-15027
-11019
-7450
-642
9149
10395
16794
18295
19161
21621
16307
12291
4796
381
-8354
-13842
-16096
-19945
-18690
-19970
-14413
-11527
-6462
204
9332
13449
18262
21325
22889
20270
15954
10216
6647
-3458
-6330
-11122
-17072
-20030
-21533
-19039
-17229
-10095
-5479
3272
6705
13089
18645
18757
19018
20036
14692
14265
3617
-3167
-7769
-12918
-17088
-19440
-19343
-17229
-13136
-8176
-992
3270
8121
13787
17679
17576
19149
18770
12781
10678
2896
-6335
-9017
-14978
-17329
-21447
-18377
-17211
-13340
-8711
-375
3094
9368
15196
21158
19088
17906
16163
13928
7740
-262
-6181
-7870
-14489
-18257
-20494
-18815
-17336
-11146
-6665
-2325
2721
13183
16034
18961
19315
19042
16253
10639
6974
2339
-7596
-11992
-15735
-20732
-22303
-20163
-16342
-10690
-9018
1778
4770
11744
16186
18127
17962
20344
15634
12235
5660
-1522
-10411
-13248
-18458
-18277
-20347
-19181
-14921
-11786
-5639
938
7395
14100
16830
20070
18913
20132
13787
13200
2986
-2652
-8086
-12654
-18220
-22799
-17104
-16662
-15137
-9797
-5108
3349
8994
14611
16933
17328
20623
17101
14125
8489
3015
-2691
-11274
-12414
-18243
-22078
-17563
-16095
-12896
-8244
-1683
2563
9130
16530
19339
17328
19687
16581
13294
7673
1733
-2053
-12877
-13982
-16870
-20059
-21646
-18191
-11473
-8930
-170
5856
11791
18398
18780
21091
19243
20911
13468
4937
-1546
-4737
-9098
-15438
-18909
-21980
-17914
-16461
-11218
-4460
-2052
6996
9941
17697
18643
19624
17273
14980
9640
5066
-2113
-8645
-11628
-18097
-19013
-20038
-20909
-14935
-9417
-3620
880
7932
13511
16960
20319
21609
19781
12602
8766
3531
-4029
-8268
-12018
-18277
-19306
-20782
-16781
-15981
-9297
-2683
4493
8792
12896
17014
20617
22581
16636
13328
7708
2252
-4324
-9361
-12205
-18293
-18709
-17921
-16055
-11066
-7542
-3809
5872
8613
14637
18078
21908
18394
17701
14900
6650
443
-4798
-11089
-16617
-18065
-19388
-17775
-14727
-12648
-5784
-2868
4279
9177
15211
20060
21408
20458
18892
11288
4715
-3494
-5853
-11249
-15984
-19774
-17957
-20378
-12311
-11261
-6111
2047
6774
14108
18913
17415
21074
19072
17137
8415
6713
-611
-4966
-15735
-16972
-19547
-19637
-14893
-14607
-8047
-5752
-61
7386
12043
16664
20314
19847
16880
16730
8643
5647
-1576
-10396
-12442
-15988
-18963
-20125
-17312
-12062
-8208
-2858
1682
8054
12954
17717
20084
20417
18812
14250
10534
3082
-6560
-11903
-13502
-16695
-20139
-17161
-19372
-14170
-8581
-2890
3639
9070
16182
18352
17010
20253
17602
15195
7888
559
-3033
-11801
-16115
-19388
-20951
-18801
-16571
-15063
-6349
-1937
5504
10558
16177
19518
18919
19782
16308
11139
6281
1455
-4930
-12580
-16825
-17852
-20282
-17236
-17847
-10751
-5363
1634
7368
13423
15518
21334
20331
19952
14633
12674
5151
-3212
-7266
-14237
-19181
-19393
-19301
-21349
-13038
-9450
-3871
1964
11010
12966
17277
19495
19880
18015
15070
7986
3771
-2093
-10635
-13382
-18134
-18688
-22383
-17139
-15235
-9978
-3347
3285
8606
11768
19011
17400
19506
17268
14083
8023
2499
-4296
-10102
-16818
-17953
-19316
-20817
-15741
-13907
-5727
-3663
889
8669
12560
18889
21563
18976
16887
12535
9092
3978
-6429
-8992
-15551
-18484
-17202
-20685
-16115
-13609
-8267
-1560
6266
12628
17460
16655
19777
22393
16192
10780
5139
1270
-4508
-12632
-15296
-20417
-17504
-18061
-15255
-11290
-4936
-2262
7508
11585
14120
20162
20119
17265
15216
12354
4811
-1681
-9226
-13398
-16445
-19852
-20820
-19365
-13892
-10356
-3624
900
10547
15335
16927
21752
21026
16746
10953
8828
3184
-1867
-10482
-12450
-18312
-19504
-18796
-16369
-13815
-10765
-1971
2662
8230
14623
17726
18407
21407
17670
14365
6379
2093
-3865
-9988
-10601
-18975
-17564
-15259
-17283
-14857
-10455
-1663
2787
12073
13904
18069
19681
19093
18259
13793
7260
-446
-5155
-8722
-15903
-20441
-19261
-18956
-18394
-10139
-6635
-462
5034
9221
16266
20190
19220
20833
18147
10779
7043
-995
-5385
-11314
-13463
-17368
-20848
-17499
-15658
-13250
-5838
-622
7195
12180
15016
20341
20923
18909
17243
9761
4443
-747
-7171
-11950
-17013
-17834
-17164
-17656
-15198
-8305
-5833
3906
8747
16021
15605
19772
21090
20983
12597
10072
6111
-660
-9533
-14273
-20734
-22924
-20379
-17443
-14627
-6418
-3235
3644
9084
12622
17391
19408
16971
18094
13685
9663
-66
-5417
-7207
-14615
-19304
-20799
-17018
-17085
-14595
-7765
-2376
4829
10946
13753
18370
20113
19699
16716
13452
8545
1657
-4393
-11287
-15444
-21322
-18801
-17238
-15262
-13256
-5557
-1218
6784
10868
16558
19371
16893
19982
15580
12360
5427
2911
-5202
-12895
-15164
-18505
-18657
-20193
-17160
-13112
-6870
1514
9080
13970
15251
18242
19685
18080
17335
10168
5910
-1198
-6181
-13073
-15985
-20553
-21060
-19203
-15502
-9080
-4385
1816
8209
11281
16968
20358
19289
17351
15775
9329
3980
-2654
-6939
-12113
-17832
-21330
-19208
-18542
-12431
-8426
-4714
2043
7725
15325
16136
20879
17758
16637
14578
7308
4528
-1997
-10553
-14734
-17837
-19527
-21780
-19705
-13588
-8431
-5710
3522
9730
14258
18765
20346
20800
17199
13870
7114
-670
-3657
-11919
-15201
-15467
-17632
-17806
-18209
-11859
-6798
24
6444
8778
15685
18543
22461
17503
15131
11546
7635
805
-5469
-10657
-16609
-17775
-21307
-18507
-16342
-11231
-5843
-328
2846
11371
15793
19178
18622
17851
14770
11205
5772
-1037
-5713
-11298
-18909
-17443
-19947
-17797
-14927
-12116
-4300
2598
5835
14071
17566
20007
20731
18643
17773
11560
1616
-848
-8210
-15142
-19950
-18322
-21036
-17308
-13708
-9175
-2309
3719
6782
15015
19275
18173
20278
16387
13096
9260
3949
-3184
-9840
-15082
-17463
-19605
-19487
-18993
-12534
-5655
-643
3704
7933
13913
18146
21167
18760
17788
13359
7719
2422
-6109
-10492
-15753
-20050
-18611
-18439
-16524
-11054
-4195
695
6448
11480
13461
18457
18103
18352
17443
14677
3098
-1230
-5425
-8078
-19050
-18991
-20152
-16912
-15771
-12604
-8115
-875
8264
13006
15929
16863
21891
18153
16652
12102
6845
-867
-4084
-12388
-15498
-19308
-22148
-19698
-15955
-9906
-6183
1490
9431
12350
16763
19435
22036
20456
14882
8304
5135
-325
-9620
-15161
-17242
-19579
-19560
-19368
-13862
-9745
-4186
4792
12401
14200
17725
19087
18795
15448
13931
9578
2067
-3320
-9676
-15036
-17124
-23544
-18287
-15484
-14307
-7112
-3254
3212
8773
13856
15628
20148
22441
17061
13296
9293
3245
-5381
-11311
-13094
-18141
-20731
-16975
-15517
-11899
-6723
-2180
5310
11302
15848
18377
20922
20132
16151
13655
5175
-230
-6079
-10687
-16430
-18076
-19462
-19395
-16411
-10838
-6696
951
5717
14968
15522
18906
19261
20269
14238
12115
3125
-287
-7880
-9968
-17337
-18972
-20178
-19544
-16734
-11721
-3395
941
8170
13141
17559
18914
19890
18852
15113
10195
2767
-722
-6996
-16003
-15991
-19015
-18970
-20377
-14614
-8660
-6394
983
9380
13361
18006
18559
20905
15970
13451
9000
4136
-2985
-8495
-14466
-13653
-21059
-20569
-16801
-13958
-7908
-564
5809
8852
14161
18739
21212
20231
18971
15894
6897
3241
-4360
-8424
-14370
-18039
-20653
-18127
-16754
-12997
-6381
1253
3982
12843
14115
18079
18852
19543
16270
13877
6896
228
-6285
-11187
-18553
-18158
-21637
-20713
-16196
-11788
-7054
738
7602
12492
17153
18716
19818
19015
14175
11911
3992
-377
-6619
-10853
-18226
-19997
-18597
-17399
-17406
-9958
-3475
2601
8456
12486
15415
19044
20437
16317
15721
9918
5095
-3792
-8558
-15151
-18345
-22169
-17490
-19942
-17021
-9252
-4140
5011
8758
15831
22089
19798
19157
19958
14978
7778
5531
-1749
-9576
-13166
-18575
-19637
-21973
-16383
-13907
-6838
-1888
3520
8782
16216
16664
18890
20158
18478
12662
7339
1896
-4282
-9478
-14501
-17274
-18488
-18685
-17873
-11286
-5979
255
4406
9766
15168
20315
20028
20429
16174
13357
6915
2054
-7274
-9089
-15296
-19331
-22127
-18519
-15327
-12373
-6345
1252
6058
12573
17701
21418
21178
19421
14765
9129
6219
837
-5847
-11648
-16722
-19348
-17789
-17511
-15142
-10501
-5027
4571
8910
12005
19212
17684
20111
18490
15091
11887
6826
30
-8271
-14303
-20270
-18510
-18796
-19875
-15126
-9286
-3472
2822
7705
13318
20306
22383
20207
18222
13490
9314
3666
-2209
-8150
-12831
-19631
-20230
-20115
-14870
-13350
-7398
-3048
4558
10918
17318
19865
18699
20812
16196
12231
8142
1832
-5810
-11687
-17895
-18701
-18996
-20032
-16981
-11353
-8421
-1803
2001
11442
13716
18888
18908
18593
17990
11101
7669
506
-5084
-12821
-19260
-19533
-19375
-19139
-12598
-12741
-7134
57
6855
11842
14043
20377
19869
18225
13750
11486
8029
1621
-6832
-12380
-14367
-20965
-21908
-18312
-13479
-9339
-4714
735
6942
10979
16220
19908
22352
19037
14478
10617
5747
-2528
-7497
-13239
-17793
-21026
-18669
-19004
-15400
-10173
-5247
3197
6194
13716
18442
19854
21027
18495
15625
9037
4714
-2749
-9445
-13560
-16914
-20081
-19281
-19540
-12761
-10045
-2283
5835
12578
15208
19317
19861
17416
18360
14738
7065
1517
-5207
-9707
-16190
-16073
-17828
-18922
-17338
-11820
-8775
-2279
7593
10614
14830
18763
21782
19517
15976
13455
6092
2437
-2836
-9670
-14694
-21218
-19350
-18031
-15215
-9512
-5520
-1235
5313
9979
13544
17126
19935
18722
15899
12043
5285
-1644
-6501
-10082
-15778
-17089
-20757
-20060
-14685
-11499
-5569
174
6642
14096
17604
19808
21396
17507
17001
11343
3728
-212
-9579
-12506
-17903
-18911
-19484
-18797
-13359
-8794
-4737
4129
6482
15519
18697
21657
19563
18124
13722
9780
6056
-5154
-8884
-14446
-18118
-19966
-18384
-19086
-13606
-9179
-3248
3896
9267
12305
18649
16026
18280
17308
11744
7581
2409
-4725
-11261
-14910
-18925
-19169
-20300
-17341
-13247
-8458
-1354
1885
11062
17301
19764
21602
19124
14393
12424
8147
-181
-1687
-10855
-17837
-19745
-21675
-17954
-17305
-11583
-9055
-885
5340
9480
16705
20719
22554
19494
18113
10130
3384
-526
-7243
-11708
-14965
-18622
-24447
-18591
-14773
-10911
-2486
1222
9848
13753
18046
19604
21851
18352
14281
9287
5392
-988
-9266
-12297
-15294
-17738
-20419
-19601
-16469
-8722
-4140
2217
7159
14219
17577
20128
19746
17606
15983
9101
3557
-4022
-7193
-13072
-19301
-19695
-21944
-18161
-14961
-9663
-5185
2857
8325
12833
19354
18392
18814
16828
13636
8545
1379
-5034
-8988
-15851
-18127
-19275
-18109
-15997
-12353
-6378
-764
5965
11341
15419
18951
18554
19931
15747
13517
6888
1909
-4633
-9990
-14672
-18535
-22901
-18304
-15462
-11611
-8957
-653
5710
11064
16651
18384
21480
16943
14680
10708
6711
-1049
-7331
-12014
-18191
-18292
-17721
-19285
-17023
-11325
-4167
2911
5951
12085
17394
18672
20794
18549
15130
11757
4456
-1143
-7574
-11627
-15694
-17900
-16430
-22754
-15458
-9351
-4187
2864
7959
11479
16811
18827
19005
18686
14483
7935
6504
-2802
-9676
-14121
-16263
-22283
-21281
-19834
-12697
-8807
-1507
2237
12066
15365
18554
20102
18766
17361
12886
6706
242
-3492
-10150
-15064
-19501
-21952
-18670
-18930
-14814
-7098
-5361
5410
10595
13113
15822
17840
17793
18098
10449
6878
2235
-4626
-9304
-16298
-17706
-17924
-20618
-19146
-10886
-4279
-1840
6962
12458
15721
19869
19349
18753
17241
12474
4903
-1696
-7677
-9717
-14232
-16062
-20283
-20024
-16247
-11553
-5697
3114
6597
12304
15332
17664
18491
19924
15509
8789
5348
-3588
-8732
-12724
-16382
-18903
-18665
-16682
-15819
-10064
-4521
4077
10277
14015
18264
18300
17841
18994
16056
8626
5223
-4560
-8730
-11192
-15695
-19364
-19341
-20168
-12921
-10401
-3551
4703
9381
16578
16037
21614
18334
20389
14014
8151
3132
-6610
-10610
-13593
-18134
-19650
-19540
-18917
-12949
-8604
-390
4480
11349
13253
17229
20442
18583
16076
12675
10141
977
-6146
-12572
-15844
-17995
-20045
-18142
-15752
-11117
-4121
671
5066
11171
12599
19429
21124
20754
16147
10786
5280
2441
-6098
-10868
-15010
-19547
-21075
-15646
-16433
-13081
-6633
1573
8072
11225
17693
19743
20884
20339
15504
12542
5046
-2746
-7381
-17043
-18969
-19215
-19795
-16515
-16826
-9315
-2592
371
10035
12464
17454
19444
20887
17748
14681
7213
2900
-1817
-8756
-12438
-17100
-19432
-20524
-18157
-14424
-6623
-6152
4520
7766
15647
19289
18741
24148
16883
14083
9495
1395
-1418
-8322
-11645
-18680
-20947
-18793
-15271
-11715
-7412
-1705
3988
10415
16258
18630
20645
18228
14627
12164
9167
2605
-5024
-10404
-14546
-18947
-20811
-19333
-14705
-11245
-5602
-1233
7599
10351
14694
18666
17841
18698
15799
8948
5436
1465
-7614
-9768
-17731
-19615
-20371
-18356
-17078
-11625
-5735
2100
4491
13634
16436
20600
19545
17955
12854
14078
3822
1185
-7501
-13165
-15966
-19728
-20395
-19426
-13021
-10637
-7614
2828
8062
12063
18062
19328
17446
17729
14123
9150
2330
-1664
-8374
-14692
-16541
-20425
-20676
-17413
-17293
-10222
-4858
3055
9948
13723
15728
19999
19886
16368
11707
10091
1489
-3835
-10251
-14616
-17700
-20579
-21100
-16706
-10590
-8377
-2451
5416
10976
12413
18775
19168
19038
15965
13140
5127
1578
-5003
-10084
-16008
-17005
-20667
-21178
-15569
-12854
-10378
1386
5062
9600
17699
17305
19161
21215
15862
11970
5590
-2527
-7761
-9496
-16622
-18745
-18846
-20762
-16044
-11388
-5124
1559
6293
11788
14664
18134
22173
19335
16330
8541
3754
-3286
-6307
-13563
-17098
-19486
-21630
-17715
-15085
-9737
-2726
1490
10096
9940
17935
17006
18283
15152
15080
8062
3334
-2729
-10767
-14698
-14787
-21618
-18722
-18807
-12887
-8254
-1768
4026
7047
13642
17806
20134
19068
16628
13022
7068
2050
-7301
-8669
-15652
-20345
-17243
-18844
-15193
-12006
-9406
-2157
4136
10276
15852
19529
20128
21158
17592
12278
5802
22
-8269
-10889
-15635
-19283
-18644
-17391
-18003
-12408
-7454
-761
5736
12025
15609
19525
19559
18758
14375
12686
6235
-879
-6276
-13784
-15883
-18812
-20619
-20263
-16534
-13970
-7904
-828
7189
13211
17930
19635
18615
16946
15136
8613
4727
-2197
-6647
-13172
-17530
-20123
-18266
-17447
-13677
-10499
-4972
-487
5282
13791
16757
18231
20505
17633
14751
8609
4794
-4995
-8740
-15218
-16670
-19535
-17989
-17168
-15116
-9273
-2532
3812
7404
15326
20257
20574
20500
14105
13493
6623
3302
-4903
-10298
-15936
-17263
-21228
-18614
-16587
-13871
-7411
-4244
7201
10249
13694
19201
20438
19708
18234
11850
9108
1176
-5406
-10817
-17476
-19315
-20755
-21373
-16601
-11515
-8210
-1691
6807
11339
15277
18099
18624
20511
15025
13160
6971
-711
-6325
-11919
-16838
-17700
-18555
-19439
-15799
-10384
-4250
-617
4780
10892
19782
18988
18709
18117
16229
11856
3424
-456
-8136
-10323
-16787
-19718
-20025
-17745
-14881
-9463
-4988
3191
10214
13697
16786
18093
19545
19633
14804
11086
2409
-5819
-6577
-12401
-18255
-18720
-18833
-14924
-11743
-8943
-3208
3388
6846
16245
16669
20847
21011
18512
12855
7649
206
-2755
-9637
-14924
-17730
-20809
-21348
-16939
-13469
-10873
-3914
5038
9904
15497
18635
22910
20090
17315
11926
7029
3494
-4629
-13383
-14725
-18905
-20121
-20137
-17607
-13159
-6291
-373
4758
10824
12585
17253
19058
19645
17340
11599
5143
233
-4555
-12144
-16352
-19157
-18532
-17723
-17852
-12505
-4453
1809
6511
11372
15353
20936
20213
18834
14074
12396
3501
1052
-10042
-11235
-17302
-17180
-17463
-17649
-12168
-9173
-4712
3580
6813
12751
18554
20850
18240
18733
12003
10615
1550
-3036
-7024
-13645
-17527
-18066
-21245
-18402
-12467
-9276
-5452
2670
11199
13440
19869
21629
17620
19952
13464
8935
1814
-4565
-8747
-14832
-20683
-19754
-20137
-15809
-9524
-7292
-1338
4300
11349
14497
18736
16151
19984
16581
11275
6608
1876
-8302
-13709
-13225
-19375
-20705
-21985
-16185
-9850
-9401
260
6267
9615
15773
19606
23031
18104
15415
13938
5546
-1897
-5072
-11855
-16099
-15821
-21056
-18369
-18726
-10018
-3780
552
6116
13267
16280
20338
18358
16954
13266
11056
5092
-874
-6572
-11868
-17619
-19044
-19849
-18819
-14043
-9553
-4394
-2683
6702
12416
18846
19960
20751
17870
17223
11723
3462
-1329
-8606
-15458
-18697
-20654
-19139
-18449
-17601
-9100
-3101
3257
8923
16357
16539
18743
18574
18340
13001
10330
4139
-3628
-7736
-12888
-17726
-19382
-17323
-13810
-12873
-9435
-4458
3832
9450
15349
17740
18760
19481
16907
11615
8924
1582
-5385
-11789
-15787
-18729
-20262
-20446
-15951
-13452
-7985
-603
5806
13355
15712
18695
19995
21046
15631
13377
7816
-2909
-6937
-10278
-13200
-19405
-18715
-17206
-14787
-11461
-5148
164
4811
10453
15093
22505
19876
20254
16469
10814
5072
-158
-7063
-13074
-17835
-20628
-18078
-17946
-15050
-8052
-6052
2510
8841
11468
18244
21169
18907
18468
13974
8942
4089
-1719
-8471
-10500
-17913
-17424
-22025
-16254
-15643
-10046
-2770
4029
9553
15352
17837
19346
19910
16583
14759
8250
1069
-3193
-10097
-12006
-18693
-18939
-17815
-20334
-14704
-7810
-741
4635
7815
15575
20419
17731
16847
16766
15772
8937
3499
-3537
-10014
-15110
-18831
-20282
-22692
-19178
-11248
-5747
-1871
4705
10509
16281
17364
17776
18784
15497
12804
6135
2799
-5938
-10024
-16092
-19455
-22168
-18333
-16667
-11363
-5065
1985
6511
9740
14620
18374
20032
18159
16791
12731
5817
-1320
-8679
-11731
-18817
-18407
-19326
-19133
-15159
-10771
-5304
1935
8904
12957
16683
19311
19430
19134
15985
11366
2773
-829
-8794
-11658
-15498
-21929
-20238
-16807
-14410
-8925
-5493
3167
10445
14974
18735
17517
20380
17221
14815
7295
3254
-4718
-9980
-11673
-19858
-19857
-20909
-15148
-12873
-10905
35
2637
8443
15846
20116
20121
17618
15888
12427
6093
3686
-3266
-12201
-16030
-22392
-20448
-18556
-15303
-16206
-6238
-3183
3579
12615
17377
18226
21100
19532
15411
14061
5516
427
-5236
-10803
-16072
-19070
-20999
-20777
-15274
-12102
-7801
1631
4954
14014
16584
17230
20974
18331
14086
8006
7180
21
-8684
-13849
-16238
-22170
-17817
-14175
-14590
-9544
-6098
3372
10222
13461
18559
22540
19171
18121
15320
10436
4037
-2304
-9128
-15891
-17994
-20906
-21556
-18697
-11443
-8077
-7421
2101
7490
14299
16360
19290
19800
16374
14172
10868
1585
-2622
-9445
-12187
-17772
-20677
-17385
-16633
-13914
-6366
159
3315
8821
15403
16635
19047
16728
17227
13979
7333
-936
-5605
-10362
-12709
-19486
-19286
-19155
-15356
-12742
-9237
-1710
6813
13718
13329
18782
19327
21343
17294
10497
7396
883
-6037
-9534
-19107
-18282
-22342
-19643
-16453
-11151
-6248
4
7310
9866
18065
17460
20969
20091
15560
12332
4274
-1959
-5629
-13177
-16116
-17065
-17838
-18625
-12881
-10514
-4210
1320
7851
14021
17660
19897
18598
16082
13857
11044
3215
-2732
-9358
-13995
-19775
-18704
-18347
-21648
-11682
-10828
-1997
-147
11360
11647
18112
21294
18900
19444
16113
9832
3825
-2876
-8352
-13150
-14430
-20112
-18519
-16561
-14144
-10557
-1257
4145
8935
12521
19066
16919
21251
14427
12009
6932
3796
-7998
-12861
-13186
-20225
-20961
-20794
-15632
-14162
-7492
-596
5083
11871
16360
18837
18518
20763
16767
14801
6951
1448
-3954
-13284
-14285
-20477
-16850
-20485
-17473
-12499
-7470
-507
6345
10667
18518
16439
20332
19954
12775
11587
4160
-108
-7141
-11920
-17198
-20309
-16927
-17897
-19343
-11100
-4989
-570
7561
12020
18948
19803
20202
18128
14394
9932
1496
-2534
-7018
-15243
-15618
-18900
-20242
-17822
-14164
-7680
-5207
1918
8638
12931
18168
19890
23077
17805
14016
9438
4068
-1617
-10452
-13195
-17572
-21010
-18192
-16875
-10831
-6971
-3382
4765
9687
13494
19466
20082
21806
15808
11907
8432
1594
-5938
-8474
-14957
-18192
-21903
-20051
-16598
-9533
-9187
-2366
4962
10777
15801
16428
22812
17815
18693
12156
9762
-1965
-6958
-12955
-16348
-19019
-18143
-18796
-16308
-11696
-8598
-39
8751
12678
20549
20277
18694
17432
18808
12980
3394
-4429
-8465
-10329
-17044
-20019
-19491
-20192
-13472
-11108
-4662
274
8329
14570
16909
17185
18470
18800
14609
12033
2502
-910
-7712
-12100
-19685
-20846
-18498
-19347
-12729
-9517
-2355
4964
9295
12458
16285
21262
20460
16960
14514
7333
4059
-5325
-11384
-10878
-16362
-16816
-19833
-17636
-11855
-9151
-4312
2203
9655
16166
17829
19560
20482
14532
14628
10173
2206
-5207
-7137
-13037
-17477
-19953
-19223
-18078
-12762
-9384
-2278
2984
10762
15554
20993
19402
16422
17338
12988
7967
-1756
-7874
-10104
-14829
-16765
-22676
-18097
-18677
-12001
-6530
-317
8543
12792
16578
19887
18963
15328
14820
9488
7053
-1514
-9116
-14888
-16333
-19968
-19363
-20045
-14932
-9382
-5813
3850
5126
15175
18566
19941
21691
18043
12607
10985
2735
-2904
-7697
-13329
-16603
-17912
-17641
-18557
-16110
-8731
-3632
1328
9210
12590
17035
20298
22885
17154
18390
7136
4623
-6783
-6120
-12353
-15275
-20456
-18154
-17189
-14741
-7062
-3132
2882
9469
14981
16201
18307
21109
15681
12561
7112
3702
-3609
-11123
-15818
-19991
-20398
-20022
-15193
-13993
-9231
-2271
1437
11226
17259
17643
16979
19019
17837
10996
6412
-1267
-6700
-11062
-16184
-19258
-19769
-19818
-16011
-12691
-5930
-1676
9438
10078
17860
18039
17555
17479
15526
11212
4253
-2527
-4088
-12000
-15665
-21333
-21158
-19946
-13692
-11636
-2548
-144
7916
14038
20080
18286
20312
17613
15607
9249
4839
-3041
-8521
-12539
-18197
-21242
-19109
-17876
-18216
-8586
-3121
3760
8832
12935
16948
20119
18544
19266
15647
9321
3859
-1343
-10256
-14785
-18051
-21192
-20952
-15178
-11277
-8092
-4154
1516
11730
16789
18535
23031
20182
18832
14263
6562
154
-5288
-10943
-17275
-18923
-22070
-19864
-17960
-12657
-10359
-3944
4469
10351
10952
17388
19474
20221
16293
13450
6169
-20
-5054
-10897
-16183
-18013
-17838
-18342
-16889
-13597
-8167
430
5835
13126
16296
18538
18273
20266
18965
13866
4893
-1264
-8472
-12575
-18933
-21191
-19064
-17364
-15643
-10288
-3402
1170
7624
14305
17890
19705
19802
17845
12610
11245
5841
-1331
-7794
-14350
-18485
-19279
-21801
-19568
-13128
-8990
-3137
2299
6835
11043
16188
16905
20205
16013
15366
7178
3140
-4182
-8125
-12932
-19037
-20037
-17986
-18240
-12681
-8243
-4843
3232
8423
15979
17628
21590
18595
17840
13337
5450
2474
-6428
-9186
-14813
-15892
-22112
-19711
-18939
-10934
-7919
-2290
5115
10040
17268
17790
19864
19777
17012
11503
6949
1304
-7282
-12670
-15945
-17656
-20341
-16918
-13352
-13705
-3759
-1863
5742
9524
17927
20177
21893
18861
13927
9963
5584
-1054
-4444
-11998
-17894
-19238
-22016
-20468
-16260
-10539
-5295
2551
8710
11264
17194
18426
21051
15793
14952
8647
6056
-163
-9504
-12839
-16654
-20350
-20060
-19889
-14965
-8033
-5554
4829
7728
15098
15466
19035
19538
17759
11313
9403
6146
-1981
-6676
-14373
-19118
-20400
-21000
-18568
-16949
-7734
463
3283
9239
15866
17972
20150
18110
16859
12348
6100
4141
-2945
-13251
-15276
-20146
-20041
-19519
-14788
-14252
-7082
-305
5020
9822
15971
20255
18622
19624
18515
10494
6582
1502
-5159
-12002
-17075
-19541
-17569
-19342
-18466
-11760
-4233
768
6455
11252
14959
21344
19657
18175
16368
11319
4755
1086
-6302
-10859
-18210
-18962
-18526
-19477
-13593
-11799
-6250
201
6564
12702
16334
23198
18886
19027
16331
8892
2636
-5618
-8428
-12439
-14991
-20412
-19849
-19767
-15218
-9219
-5377
925
5398
13428
19239
17219
20965
19274
14383
9218
3563
-3676
-8573
-10956
-17858
-19179
-20192
-16777
-10535
-7672
-4472
3735
8502
14051
20591
18078
21783
17988
12953
8763
3660
-2985
-10535
-14447
-17770
-21196
-20911
-15144
-13852
-8872
-1459
4201
11401
17051
21957
19345
19506
17252
15227
6186
-544
-5715
-10626
-15094
-19458
-18870
-20002
-19343
-13359
-6166
-1408
4860
11429
14273
17946
19582
23204
16704
11349
4477
1250
-6903
-12992
-17228
-19096
-18212
-16331
-15058
-7980
-7161
74
8728
13845
17489
18468
20252
19182
17919
13445
4115
-1980
-7639
-13095
-21046
-21338
-20604
-21210
-14408
-10509
-3805
1651
9967
13942
18128
17081
19827
17409
14706
7900
955
-2664
-9267
-13460
-14730
-20372
-20448
-16660
-12951
-7781
-2946
3595
13908
13080
16348
21470
19107
17291
13856
8123
1535
-6320
-13627
-16359
-19644
-19902
-20024
-17607
-11269
-4792
-537
1878
11913
14691
16653
20434
19927
17246
10359
8574
796
-6714
-9963
-17300
-18347
-19345
-22283
-19739
-13430
-5545
1826
5825
11556
16145
18472
19529
18387
18362
9232
6646
34
-5934
-12943
-16344
-17688
-19964
-20072
-18842
-10392
-3479
1004
6824
13745
19036
19706
16888
19690
15939
10482
3939
-1632
-6528
-13807
-15368
-17915
-19872
-17856
-14603
-9273
-5963
1619
9377
11506
16914
21092
20024
17912
16107
6874
5044
-4177
-7476
-14269
-16829
-20071
-17832
-18465
-15592
-8589
-3535
1719
7943
13443
17492
20167
19937
17400
10778
9379
1513
-4420
-11993
-13504
-18128
-18983
-20815
-18172
-13115
-8147
-4213
3435
9123
18701
18034
18317
18977
18341
11415
5634
1748
-6667
-10898
-14129
-19362
-18269
-19789
-18643
-12792
-5891
-3029
4790
11319
15948
18611
19763
16847
13409
12090
8380
-189
-5946
-13412
-18343
-19917
-20649
-21082
-17199
-10784
-6167
-103
7655
12111
16744
18037
16496
15938
16294
11879
5700
-3883
-10596
-9838
-17853
-14992
-19191
-15442
-15350
-9800
-4147
1738
9851
13165
16977
20668
19470
15100
13023
9717
1902
-2088
-10858
-12278
-17179
-18591
-21105
-18328
-13090
-8549
-3645
4558
10116
14788
15873
20241
21202
18609
12660
9246
4734
-4900
-11453
-15093
-18923
-20936
-20161
-16990
-13462
-7026
-2004
7996
10359
16433
16795
18804
20404
17920
12993
9352
1409
-5587
-10194
-16384
-19976
-19443
-18499
-17428
-12629
-6438
1975
7762
11831
14344
19137
19208
19473
17408
11749
5957
-1723
-5253
-11112
-16794
-20985
-18689
-20114
-17255
-10034
-4630
753
6271
12416
17617
19295
21398
18002
14664
6386
5857
914
-8706
-11906
-15977
-19103
-22459
-17073
-12998
-10559
-5886
4293
9896
14080
16389
20035
20131
16248
13115
4827
3405
-1566
-8304
-15225
-18878
-17869
-18313
-15948
-15160
-8547
-1809
4058
7334
14159
22776
20332
19281
20857
12599
7273
2174
-3073
-11984
-16498
-18175
-19069
-21556
-16047
-12150
-10492
-2683
2186
10666
15123
19205
19989
19075
17900
13168
8103
1416
-3362
-11692
-14338
-17764
-21549
-19904
-15747
-11331
-6903
38
4849
13835
15045
21706
21746
19175
17366
10223
5341
-1880
-5426
-11165
-17118
-19661
-19202
-20355
-16210
-12135
-5849
528
5847
11662
15870
18858
19455
18115
14452
8372
5001
-255
-9261
-12549
-16902
-20299
-22330
-17336
-16313
-11868
-3687
1903
6561
13751
14672
20645
20230
17944
13481
9915
4856
-3962
-7300
-14835
-17061
-18663
-20870
-17845
-14285
-8848
-4204
4913
7950
13819
18326
18850
20854
19635
14714
8645
3964
-2624
-9830
-14530
-15766
-22593
-21548
-17968
-13408
-6965
-206
4995
8770
14344
20000
18646
20529
18755
11603
9346
1909
-5291
-8816
-16018
-20252
-20680
-18781
-16012
-13834
-8208
227
5971
8535
16984
19638
17458
20628
17494
10859
6219
1789
-4951
-10323
-17104
-19076
-19882
-17346
-14140
-9823
-6016
499
4753
12054
15407
20270
18834
18452
13784
8546
5575
-2604
-6680
-14584
-17924
-19400
-19441
-18259
-17716
-13697
-2748
291
6457
11741
16645
20268
19996
19338
14529
11677
5492
-2645
-9579
-14311
-18346
-19289
-19092
-17008
-13846
-6446
-2892
4006
7888
17096
18568
19795
19392
17017
15705
7151
3679
-5300
-12178
-17396
-16775
-18987
-19517
-16684
-13171
-5537
-1471
5269
8656
15986
15873
21317
20322
16043
13536
5261
3446
-7358
-10357
-17768
-17604
-20792
-18816
-14022
-11946
-9848
-2120
4169
9934
16016
20813
21588
18875
13147
11576
5418
1502
-5815
-13011
-15705
-20270
-18138
-17540
-15194
-11101
-5393
-2261
6161
13327
15648
17096
20635
18862
13423
11876
4023
426
-6844
-12586
-17257
-18620
-20545
-17521
-16529
-12146
-5090
1534
9275
14478
17347
17121
20392
18449
13183
9831
3297
-2740
-9929
-13451
-16779
-20469
-19045
-18902
-14677
-3138
-58
2541
10182
14860
16498
20232
20088
16679
14347
7508
6759
-2430
-9733
-15192
-16081
-21085
-17275
-17359
-12329
-8778
-2753
4397
8973
15117
18070
20733
21722
16777
14147
7493
-291
-4906
-12686
-13908
-20930
-19598
-19562
-17029
-10859
-6286
981
5713
10413
14061
18880
18428
18705
15054
12541
5106
2462
-4406
-11939
-16545
-18855
-19398
-18038
-17218
-10276
-6259
-507
7231
12594
16781
18596
21377
18374
13956
9078
2290
-650
-6498
-15174
-18310
-18196
-20505
-19115
-12531
-9078
-4851
1036
5980
12635
17317
20057
19063
20701
13708
9832
3033
-1334
-7820
-16440
-15524
-18444
-19066
-20253
-13261
-10941
-5426
2801
8017
15862
19306
19611
22172
18734
14043
7749
2790
-6092
-8309
-13196
-18318
-19777
-20565
-19593
-12342
-6957
-1331
2456
10813
15363
15941
22420
23179
18110
13441
7618
-198
-3737
-12453
-15545
-20094
-21686
-18781
-17302
-12959
-8035
1910
6816
10346
18527
18533
18934
18810
17883
12072
6860
2188
-6774
-12640
-13699
-17185
-21335
-17842
-15021
-9702
-6110
251
10724
14326
16555
18826
19362
18697
13882
8992
6068
-3130
-9027
-11747
-17858
-18195
-19461
-21233
-14181
-9166
-2812
4118
7187
13059
16131
18144
20186
16752
14406
9130
3956
-1270
-12505
-12744
-16455
-20304
-17631
-20214
-14824
-10208
-2099
2147
6058
13112
19354
21010
20987
16448
14489
7552
3010
174
-10473
-12340
-16743
-21077
-21785
-15683
-14493
-7543
-1039
4274
9976
15259
17816
20535
22136
19294
14064
7849
1898
-4131
-11244
-15107
-20165
-20611
-19841
-15069
-13585
-8309
566
5107
12357
16005
19153
21306
18592
18035
11318
7353
2126
-4398
-11694
-16984
-18840
-19345
-18754
-14533
-9730
-7815
888
4530
13847
14878
20477
22814
20010
14515
13844
6750
-1016
-8036
-13482
-16473
-17084
-19226
-19274
-15908
-7074
-6332
704
9358
12934
18949
18103
18502
16322
12397
10027
2869
870
-11354
-12761
-16946
-18560
-20013
-17892
-14870
-10155
-2896
1973
8579
14563
18965
19563
18717
18357
13777
8064
1467
-5304
-10646
-15484
-18687
-18123
-20948
-17135
-12973
-8979
-4123
6245
11217
15930
17444
21774
19999
15524
11842
9089
-1349
-5444
-9079
-16115
-20725
-20651
-18452
-16219
-12963
-7648
2362
6378
9935
15495
19320
17089
18903
15640
12169
6001
3808
-5045
-11333
-14540
-17626
-19411
-19528
-18769
-9489
-7594
-2203
6096
8830
14016
16568
20366
17781
15735
11351
4354
-2310
-3696
-11674
-14937
-18937
-19981
-19004
-18623
-10928
-4097
-157
7849
13671
17117
18276
20772
16375
16210
11103
3558
-5664
-7812
-11457
-18678
-17323
-19177
-20651
-13035
-8097
-3652
657
7686
15765
15720
18674
20964
16542
15897
8946
6211
-3241
-8170
-14100
-17172
-19375
-19200
-16408
-13831
-8295
-1449
4293
11014
15473
19395
20632
19597
17530
13868
8745
99
-5201
-10385
-15719
-18081
-21630
-21667
-14975
-14685
-7366
-2159
3763
13104
14221
18685
20701
18763
18013
12274
9093
461
-6993
-11733
-17707
-20112
-19237
-20510
-18871
-13659
-5746
1964
5739
11316
17629
19185
18329
18006
13230
10080
6690
-597
-9963
-14227
-18317
-19338
-21890
-17704
-14814
-11265
-6190
385
6566
12483
16990
21229
21326
18714
14162
12398
4596
-833
-6627
-12741
-19120
-19886
-19714
-18112
-14521
-8629
-5457
565
9548
13432
20552
17602
17924
17675
11964
9692
1989
-3607
-11227
-12224
-17308
-24399
-19585
-18166
-12848
-9950
-544
4533
10568
12604
18981
22735
21464
17243
13324
7592
2928
-2469
-9247
-16371
-17126
-18505
-20642
-14924
-13595
-4940
-1192
4809
8875
12950
19645
19634
17279
18483
13094
4839
258
-8001
-11974
-15636
-14560
-18455
-18873
-14866
-10727
-6593
-1210
3140
12560
16314
21314
17966
16954
15109
9352
4465
-4353
-5632
-12845
-17042
-20560
-20062
-17469
-16753
-10613
-2941
667
6752
11891
15968
19268
20086
16504
15788
10170
1855
-1029
-7308
-13096
-16643
-21109
-20434
-18684
-13333
-9070
-4447
2185
9385
10374
18295
20153
20795
21033
14319
7990
3667
-2463
-10138
-11734
-20945
-21198
-20663
-17840
-12665
-5811
-849
4175
13781
13387
18465
20496
20242
17889
11854
6299
-779
-4237
-10215
-13889
-19561
