     0           0               0
   109           0               0
  3266         768             109
  2312       11047            2498
   540       18007           -8735
   823       18993          -17467
  -344       19428          -18170
 -1215       18982           19084
  -336       18992           17767
    72       19165           18656
   937       18852          -19093
  2028       19137          -17915
  -390       19356          -17109
 -3049       18742           18966
 -4801       18145           15693
 -7447       17654           13344
 -7218       17719           10207
 -6219       18562           10501
 -7529       18329           12343
 -8908       17805           10800
-10371       16579            8897
-11523       15594            6208
-13154       14918            4071
-14257       13764            1764
-15402       12316            -493
-16510       10830           -3086
-17028        9337           -5680
-17525        8928           -7691
-17848        8733           -8597
-18426        7892           -9115
-17806        8288          -10534
-17649        8060           -9518
-17247        7234           -9589
-17012        7653          -10013
-17537        8536           -9359
-17095       10040           -9001
-16984       10526           -7055
-16656       10940           -6458
-15848       11352           -5716
-15639       11603           -4496
-15993       11925           -4036
-15770       13034           -4068
-14855       13738           -2736
-14195       13536           -1117
-13973       13356            -659
-14132       13824            -617
-14502       14002            -308
-14147       14498            -500
-13714       14753             351
-13519       14475            1039
-13182       14342             956
-13768       14221            1160
-14102       14439             453
-14325       14406             337
-14309       14051              81
-13924       13629            -258
-13617       14293            -295
-13473       15223             676
-13014       15290            1750
-12950       15155            2276
-13056       14325            2205
-13851       14476            1269
-14179       15227             625
-14043       13613            1048
-14658       13917            -430
-14715       14449            -741
-14535       13447            -266
-14813       13037           -1088
-15170       13294           -1776
-14543       12948           -1876
-14425       12904           -1595
-14797       13047           -1521
-14680       13550           -1750
-15109       14413           -1130
-15249       14181            -696
-14363       13952           -1068
-13751       13890            -411
-13957       13693             139
-13557       14036            -264
-13386       14577             479
-13797       14374            1191
-13217       14044             577
-13962       13763             827
-13925       13466            -199
-13831       14059            -459
-13966       14041             228
-14736       13762              75
-14349       14339            -974
-13999       14862             -10
-14758       14053             863
-14733       13502            -705
-14520       14264           -1231
-14594       14492            -256
-14688       14529            -102
-14656       14308            -159
-14293       13715            -348
-13985       13884            -578
-14003       14821            -101
-13909       14566             818
-14030       14260             657
-14461       14394             230
-14589       14790             -67
-14332       15091             201
-14239       14580             759
-13850       14295             341
-13735       14218             445
-13605       14055             483
-14712       13593             450
-14257       13747           -1119
-14132       13930            -510
-13914       14306            -202
-13946       14463             392
-14034       14278             517
-13957       14519             244
-13662       14526             562
-13713       13973             864
-13824       13543             260
-14223       13515            -281
-14439       13763            -708
-14466       14126            -676
-14364       15065            -340
-14230       14793             701
-14385       14018             563
-14760       13903            -367
-14291       14240            -857
-13686       13926             -51
-13586       14199             240
-13625       13743             613
-14520       13718             118
-13549       14299            -802
-13451       14260             750
-14081       14761             809
-14270       14523             680
-14685       13845             253
-14681       13009            -840
-13581       13403           -1672
-13604       13842            -178
-14131       13798             238
-13860       14235            -333
-13526       14596             375
-13131       14513            1070
-13678       14614            1382
-13882       14627             936
-13817       14897             745
-13965       14421            1080
-14467       13641             456
-14341       14441            -826
-14824       14132             100
-15386       13690            -692
-14763       14033           -1696
-14640       14249            -730
-14287       13766            -391
-13936       14449            -521
-13860       14448             513
-14103       13661             588
-13876       13751            -442
-13808       14727            -125
-14018       14368             919
-13810       14027             350
-13957       14240             217
-14219       13811             283
-13713       13736            -408
-13970       13747              23
-14093       13447            -223
-14230       13590            -646
-13788       13825            -640
-14648       13777              37
-15606       13982            -871
-14657       13654           -1624
-14181       13597           -1003
-14418       13547            -584
-14343       14036            -871
-14651       13908            -307
-14156       14143            -743
-14066       14268             -13
-14565       14230             202
-13781       14989            -335
-13929       14526            1208
-14025       13667             597
-14118       13755            -358
-13205       14677            -363
-13359       14838            1472
-13498       14727            1479
-14391       14990            1229
-14756       13784             599
-13942       13693            -972
-13370       14766            -249
-13962       14173            1396
-14171       13535             211
-14163       13717            -636
-14104       13751            -446
-14212       13932            -353
-15078       13983            -280
-14573       14256           -1095
-14003       14517            -317
-13930       14341             514
-13863       14043             411
-13855       13862             180
-13642       14115               7
-13738       14293             473
-14196       14037             555
-13752       14127            -159
-13671       13913             375
-13485       14414             242
-13982       14746             929
-14078       14008             764
-14005       14033             -70
-13507       14373              28
-13515       13985             866
-13994       14928             470
-14179       14909             934
-15033       13842             730
-14781       13959           -1191
-13880       14422            -822
-14172       13407             542
-15125       13166            -765
-13988       13613           -1959
-14233       13621            -375
-14868       13117            -612
-14691       13784           -1751
-14082       13475            -907
-13726       13635            -607
-13366       14460             -91
-13611       14604            1094
-14097       14699             993
-13978       14025             602
-14358       14091              47
-13837       13866            -267
-13546       13515              29
-13604       14488             -31
-14443       14310             884
-13996       13762            -133
-13779       13909            -234
-13918       14150             130
-14010       14343             232
-14652       14156             333
-14411       14086            -496
-14244       13905            -325
-14511       13040            -339
-14332       13567           -1471
-13774       14363            -765
-13802       14761             589
-14654       14226             959
-14667       13740            -428
-14404       13345            -927
-13661       14422           -1059
-13546       14273             761
-13932       13736             727
-13413       14069            -196
-14298       13751             656
-14670       13741            -547
-14016       13135            -929
-14282       13499            -881
-13812       13549            -783
-13748       13563            -263
-13382       14440            -185
-13987       14440            1058
-14447       14360             453
-13570       14954             -87
-14017       14453            1384
-13892       14696             436
-13677       14063             804
-14238       13909             386
-14291       14329            -329
-14187       14537              38
-14019       14430             350
-14279       13905             411
-14248       14439            -374
-13386       14594             191
-13791       13810            1208
-13679       14530              19
-14013       14385             851
-14028       13590             372
-14708       13835            -438
-13991       14122            -873
-14137       13595             131
-14657       13836            -542
-14630       13675            -821
-14756       13861            -955
-13998       13746            -895
-13645       13757            -252
-14278       14162             112
-14814       13585            -116
-14455       13600           -1229
-13128       14367            -855
-13777       14364            1239
-13639       14363             587
-13350       14357             724
-13539       14662            1007
-13282       14627            1123
-13752       14246            1345
-12963       15667             494
-13405       14301            2704
-14199       13556             896
-14444       13639            -643
-14491       13659            -805
-13718       13871            -832
-13554       13453             153
-14130       13633            -101
-14151       13809            -497
-14232       14123            -342
-14789       13464            -109
-14744       13238           -1325
-14347       13484           -1506
-13941       13941            -863
-14536       13797               0
-14343       14199            -739
-14313       14275            -144
-14439       13604             -38
-14510       13522            -835
-14306       13581            -988
-14521       13572            -725
-14618       14268            -949
-14406       13664            -350
-14116       13891            -742
-13809       14191            -225
-13495       14694             382
-13525       14620            1199
-13331       14426            1095
-12821       14742            1095
-12984       14732            1921
-13344       13837            1748
-13490       14362             493
-14414       14206             872
-15066       13928            -208
-15167       13977           -1138
-14699       13973           -1190
-13873       13839            -726
-14037       13848             -34
-14893       13735            -189
-15131       13152           -1158
-15269       13156           -1979
-14420       13859           -2113
-14512       13399            -561
-14658       13267           -1113
-14324       13022           -1391
-14302       13263           -1302
-14133       14153           -1039
-14163       14231              20
-14026       14463              68
-13688       14529             437
-13354       14450             841
-13051       14565            1096
-13116       14200            1514
-13426       14709            1084
-13841       14427            1283
-14505       14075             586
-13606       14456            -430
-13287       14612             850
-13414       14528            1325
-13674       14619            1114
-13043       14342             945
-13809       14048            1299
-13691       14271             239
-14020       14292             580
-14367       14331             272
-14230       13871             -36
-13844       13654            -359
-14717       12786            -190
-14099       13728           -1931
-14050       13903            -371
-13985       12718            -147
-14462       13036           -1267
-14413       13475           -1426
-14099       13430            -938
-14665       13542            -669
-14864       13441           -1123
-13308       14003           -1423
-13280       15110             695
-13804       15408            1830
-13928       14483            1604
-13135       14111             555
-13802       14557             976
-13679       14309             755
-13723       13595             630
-13944       13542            -128
-13992       13833            -402
-13470       13852            -159
-13373       14479             382
-13675       14788            1106
-13922       14822            1113
-14218       14572             900
-14500       14482             354
-14448       14159             -18
-14387       13851            -289
-13898       13984            -536
-14378       13940              86
-14585       13482            -438
-14778       13566           -1103
-14932       13366           -1212
-14680       13175           -1566
-14177       13884           -1505
-14276       13399            -293
-13628       12852            -877
-14102       13276            -776
-14293       13715            -826
-13964       13289            -578
-13968       14320            -675
-13265       14539             352
-13162       14172            1274
-14108       14021            1010
-13865       14061             -87
-13252       14050             196
-14025       14366             798
-14075       14477             341
-13206       14275             402
-13411       14061            1069
-14038       14388             650
-14133       13844             350
-13816       13779            -289
-13351       13451             -37
-13267       13285             100
-13849       13039              18
-14248       13414            -810
-14463       13438            -834
-14139       13183           -1025
-13940       12992            -956
-13949       13793            -948
-14462       14046            -156
-13855       14258            -416
-13692       15066             403
-13028       15182            1374
-13367       13967            2154
-14605       14156             600
-14082       14227            -449
-13049       14258             145
-13369       13966            1209
-14338       13616             597
-14191       13518            -722
-13904       14092            -673
-13100       14209             188
-13581       13699            1109
-13894       13598             118
-13773       13392            -296
-13562       13402            -381
-13458       13797            -160
-14197       14216             339
-14643       13825              19
-14505       13631            -818
-14440       13607            -874
-13751       13938            -833
-13571       13963             187
-14022       14283             392
-14812       14198             261
-14734       13682            -614
-14648       13964           -1052
-14458       14216            -684
-14052       14147            -242
-14076       13839              95
-14305       13505            -237
-13849       13182            -800
-13626       13098            -667
-13701       13396            -528
-14661       14244            -305
-14989       13899            -417
-14533       13930           -1090
-14070       14130            -603
-13887       14200              60
-14305       14721             313
-14637       14064             416
-13701       14547            -573
-13673       15201             846
-13253       14530            1528
-13270       14634            1277
-13919       14812            1364
-13946       14651             893
-13192       14568             705
-14133       14327            1376
-14039       14692             194
-13962       14463             653
-13797       15056             501
-13940       15325            1259
-13879       14351            1385
-14383       13287             472
-14149       13631           -1096
-13860       14321            -518
-13323       14034             461
-13844       13970             711
-14209       13970             126
-14319       14191            -239
-15317       14463            -128
-15329       14384            -854
-14181       14387            -945
-14284       13658             206
-14560       13243            -626
-14587       13551           -1317
-14369       13464           -1036
-14401       13611            -905
-14109       14101            -790
-13809       14164              -8
-13792       14316             355
-13626       14263             524
-13053       14340             637
-13649       13683            1287
-13671       13853              34
-13646       14156             182
-13430       14245             510
-14047       13880             815
-14454       13349            -167
-14174       14274           -1105
-14296       13564             100
-14665       13543            -732
-14796       13832           -1122
-14089       14349            -964
-14227       13737             260
-13686       14303            -490
-13817       14642             617
-13846       14079             825
-13661       13895             233
-13964       13336             234
-14308       13503            -628
-14493       13563            -805
-14108       14028            -930
-13426       14298             -80
-13885       14236             872
-13946       15040             351
-13837       14482            1094
-13241       14078             645
-13643       14722             837
-13431       14937            1079
-13501       14454            1506
-14201       14643             953
-14703       13733             442
-14582       13240            -970
-14411       13389           -1342
-13898       13229           -1022
-13903       13139            -669
-14215       13510            -764
-14799       13659            -705
-14135       13956           -1140
-14041       14154            -179
-14950       13423             113
-14696       13510           -1527
-13666       13802           -1186
-14319       14111             136
-14416       14506            -208
-13925       14889              90
-13867       14630             964
-13771       14254             763
-14166       14310             483
-13601       14820             144
-13875       14643            1219
-14445       13731             768
-14464       13725            -714
-13924       14356            -739
-13823       14554             432
-13705       14183             731
-13622       13609             478
-14383       14356             -13
-14315       14272             -27
-14228       14413             -43
-13651       14527             185
-13713       14062             876
-13659       14109             349
-13605       14103             450
-13807       14196             498
-13302       14651             389
-13623       14058            1349
-14058       14451             435
-13747       14482             393
-13275       14516             735
-13211       14902            1241
-13999       14006            1691
-14569       13882               7
-15019       13846            -687
-14615       13615           -1173
-14310       13979           -1000
-14442       14086            -331
-14253       14259            -356
-14404       13860               6
-14059       13863            -544
-13801       14357            -196
-13976       14366             556
-14191       14187             390
-14611       13935              -4
-14449       14203            -676
-14123       14822            -246
-13974       14615             699
-14334       14268             641
-14255       14112             -66
-13495       14217            -143
-13835       14085             722
-13727       14221             250
-13962       14153             494
-14411       14180             191
-14631       14522            -231
-14327       14487            -109
-14832       13955             160
-14264       14300            -877
-13788       14258              36
-13965       14406             470
-13839       14409             441
-14209       13969             570
-14375       13986            -240
-14814       13755            -389
-14922       14057           -1059
-14139       13888            -865
-14251       14024            -251
-14413       14235            -227
-14389       13520            -178
-14211       13946            -869
-13428       14016            -265
-13961       13608             588
-14409       13768            -353
-14489       14400            -641
-14377       14130             -89
-14394       14232            -247
-13885       14342            -162
-13854       14052             457
-14023       14229             198
-14202       14059             206
-13811       13508            -143
-13446       13945            -303
-13513       14229             499
-13168       14348             716
-13359       14726            1180
-13685       14460            1367
-12856       14421             775
-13283       14622            1565
-13644       14471            1339
-14147       14652             827
-14237       14231             505
-13803       13811              -6
-13910       13505               8
-14817       13203            -405
-14380       13504           -1614
-13364       12903            -876
 -4080       -2401            -461
 11368      -12780            1679
 14618      -13607            1412
 14780      -13274           -1011
 14922      -13723           -1506
 14683      -14141           -1199
 15139      -13545            -542
 15324      -12936           -1594
 15016      -13510           -2388
 14971      -13541           -1506
 14639      -13488           -1430
 13923      -13671           -1151
 14101      -13980            -252
 14398      -14307            -121
 14353      -13350             -91
 14602      -13732           -1003
 14649      -13894            -870
 14597      -14401            -755
 14219      -14934            -196
 13718      -15058             715
 13330      -15162            1340
 13312      -14774            1832
 13309      -13981            1462
 13388      -14510             672
 13549      -14783            1122
 13296      -14641            1234
 13384      -14407            1345
 13461      -14523            1023
 13808      -14689            1062
 13843      -15076             881
 13894      -14268            1233
 14706      -14179             374
 14171      -14429            -527
 13935      -14284             258
 13791      -14166             349
 14145      -13816             375
 14074      -13701            -329
 13951      -13660            -373
 14150      -13849            -291
 14956      -13835            -301
 15076      -13938           -1121
 14328      -13982           -1138
 14039      -13526            -346
 14615      -13000            -513
 14863      -13354           -1615
 14890      -13313           -1509
 14659      -13660           -1577
 14744      -13610            -999
 14114      -13177           -1134
 13712      -13468            -937
 14258      -14217            -244
 13903      -13878             -41
 13819      -14283             -25
 14398      -13352             464
 14170      -13445           -1046
 14071      -14424            -725
 13494      -14159             353
 13225      -14608             665
 13392      -14392            1383
 13238      -14167            1000
 13832      -14733             929
 13709      -14529             901
 13374      -14715             820
 13864      -15069            1341
 13642      -14969            1205
 13581      -14439            1327
 14153      -14158             858
 14632      -14144               5
 14944      -13644            -488
 15000      -13179           -1300
 14745      -13571           -1821
 14301      -14070           -1174
 13864      -13776            -231
 14593      -13675             -88
 13185      -14509            -918
 13184      -14758            1324
 13715      -14409            1574
 14314      -14120             694
 13452      -13990            -194
 13175      -14190             538
 14271      -14108            1015
 15062      -13834            -163
 14942      -13364           -1228
 14180      -13393           -1578
 14148      -13659            -787
 13654      -13244            -489
 13188      -13950            -410
 14122      -14234             762
 14043      -13897             112
 13888      -13976            -146
 13537      -14142              88
 13351      -14648             605
 13866      -14389            1297
 13808      -13511             523
 14709      -13731            -297
 14242      -14659            -978
 14114      -13980             417
 13936      -13438            -134
 14008      -13883            -498
 14077      -14297            -125
 13888      -14256             220
 13898      -13675             368
 13632      -14023            -223
 13959      -14413             391
 14432      -14128             454
 14005      -14326            -304
 13905      -14258             321
 13567      -14405             353
 13570      -14197             838
 13652      -14162             627
 13937      -14410             510
 13761      -14864             473
 14069      -14021            1103
 13773      -13258             -48
 14052      -13903            -515
 14034      -14275            -149
 13414      -14247             241
 13327      -13935             833
 13886      -14087             608
 14577      -14422             201
 14762      -14033            -155
 14381      -13492            -729
 14291      -13625            -889
 14640      -13159            -666
 14467      -13631           -1481
 14726      -13205            -836
 14542      -12483           -1521
 14012      -13424           -2059
 13984      -14300            -588
 14071      -14776             316
 13860      -14866             705
 14490      -14426            1006
 14443      -14313             -64
 14688      -14059            -130
 14426      -13863            -629
 13931      -14236            -563
 13428      -14341             305
 13597      -14398             913
 13730      -14065             801
 14259      -14464             335
 14105      -14211             205
 14252      -13914             106
 13957      -13918            -338
 14103      -14484             -39
 14156      -14338             381
 13870      -14330             182
 13475      -14410             460
 13290      -14152             935
 13941      -14104             862
 13879      -14870             163
 13796      -14294             991
 14211      -13820             498
 14487      -14379            -391
 14747      -14229            -108
 14157      -13784            -518
 14084      -13673            -373
 14406      -13514            -411
 14655      -13962            -892
 14837      -14215            -693
 14205      -14572            -622
 14154      -14201             367
 14186      -13824              47
 13643      -13662            -362
 13729      -13766              19
 13659      -14760              37
 13947      -14744            1101
 14164      -14500             797
 13426      -14042             336
 13912      -13909             616
 13398      -15096              -3
 13667      -14689            1698
 13796      -14787            1022
 13654      -14349             991
 14461      -13820             695
 14677      -13785            -641
 13988      -14056            -892
 13701      -14053              68
 14394      -13654             352
 13809      -13659            -740
 13372      -14346            -150
 13861      -13983             974
 14206      -14254             122
 14077      -14478              48
 13865      -14664             401
 14094      -14511             799
 14856      -13812             417
 14825      -13583           -1044
 14207      -13530           -1242
 14370      -14014            -677
 13429      -14339            -356
 13097      -13537             910
 13296      -13774             440
 13837      -14021             478
 14253      -14573             184
 14214      -14336             320
 14300      -13821             122
 14356      -14324            -479
 14214      -14009             -32
 13448      -13348            -205
 14097      -13447            -100
 14101      -14487            -650
 13955      -14573             386
 13824      -15011             618
 14130      -14714            1187
 14769      -13676             584
 15265      -13471           -1093
 14650      -13834           -1794
 14091      -14067            -816
 14296      -14325             -24
 14063      -14483              29
 13301      -14807             420
 13526      -14124            1506
 14264      -13550             598
 14198      -13794            -714
 13613      -14654            -404
 13790      -14503            1041
 14090      -13708             713
 14213      -13658            -382
 14159      -14136            -555
 13510      -13753             -23
 13558      -13532             243
 13887      -14070             -26
 14826      -14013             183
 14982      -13609            -813
 14404      -14174           -1373
 13130      -14197            -230
 13151      -13422            1067
 14136      -13535             271
 14188      -13883            -601
 13583      -13802            -305
 13798      -13596             219
 14172      -13356            -202
 14317      -13719            -816
 14011      -13913            -598
 13603      -14066             -98
 14325      -14122             463
 14316      -14100            -203
 13987      -14176            -216
 13822      -14525             189
 14271      -14011             703
 13661      -13784            -260
 13142      -14565             123
 13481      -14875            1423
 14374      -14915            1394
 14623      -14432             541
 14170      -14025            -191
 13897      -13858            -145
 14027      -14221             -39
 13883      -14559             194
 13335      -14090             676
 14014      -13870             755
 13667      -14118            -144
 13873      -13434             451
 13732      -13399            -439
 14025      -14223            -333
 14006      -14228             198
 13858      -14211             222
 13768      -14083             353
 13949      -13692             315
 14285      -14647            -257
 14140      -14147             362
 14628      -13528               7
 14282      -13436           -1100
 14123      -13505            -846
 14368      -14076            -618
 14470      -13640            -292
 14597      -13181            -830
 14292      -13628           -1416
 14784      -13550            -664
 14583      -13638           -1234
 13754      -12978            -945
 14285      -13149            -776
 14006      -13506           -1136
 14193      -13528            -500
 13700      -13907            -665
 14406      -14122             207
 14322      -13922            -284
 13570      -14475            -400
 13791      -14568             905
 13540      -15706             777
 13400      -14706            2166
 13161      -14362            1306
 12573      -14830            1201
 13684      -14380            2257
 13700      -14575             696
 13999      -14206             875
 14327      -14267             207
 14082      -14370             -60
 14349      -14393             288
 14337      -14353              44
 14141      -14000              16
 14015      -13709            -141
 13518      -13971            -306
 13822      -13990             453
 14531      -13658             168
 14594      -13549            -873
 13850      -13009           -1045
 14487      -13336            -841
 14812      -13683           -1151
 14346      -14870           -1129
 14455      -14579             524
 14368      -14199             124
 13502      -13887            -169
 13698      -13981             385
 13769      -14125             283
 13756      -13999             356
 13539      -13083             243
 13876      -13332            -456
 13939      -13481            -544
 14002      -14118            -458
 14235      -14053             116
 14261      -13329            -182
 14125      -12937            -932
 14799      -13343           -1188
 14281      -14277           -1456
 14068      -14518              -4
 13987      -13857             450
 13710      -13808            -130
 13247      -14347              98
 12807      -15157            1100
 13512      -15645            2350
 13965      -15226            2133
 13362      -14718            1261
 12350      -14421            1356
 12802      -14292            2071
 13917      -14283            1490
 14511      -14453             366
 14653      -14201             -58
 13720      -13551            -452
 13455      -13911            -169
 14101      -14030             456
 14270      -13370             -71
 14197      -13432            -900
 14105      -13554            -765
 14940      -13408            -551
 14459      -13176           -1532
 14196      -13312           -1283
 13772      -14160            -884
 14460      -14150             388
 14241      -13411            -310
 13843      -14161            -830
 14157      -14086             318
 13988      -14154             -71
 14490      -13918             166
 14510      -13896            -572
 13891      -14265            -614
 14169      -14076             374
 14427      -13685             -93
 14210      -13761            -742
 14074      -13761            -449
 14253      -14126            -313
 14315      -14796            -127
 14456      -14379             481
 14517      -14359             -77
 14518      -13780            -158
 14225      -13165            -738
 14449      -13211           -1060
 14825      -14154           -1238
 14613      -14102            -671
 13698      -14238            -511
 13662      -13972             540
 13816      -13351             310
 13737      -13470            -465
 13688      -14096            -267
 14083      -14239             408
 13958      -14576             156
 13839      -14571             618
 13696      -14128             732
 13527      -13451             432
 14008      -13724             -76
 14154      -13620            -284
 13776      -14145            -534
 13229      -14892             369
 13013      -14476            1663
 13497      -13573            1463
 14542      -13894              76
 14314      -14490            -648
 13629      -14786             176
 13453      -14505            1157
 13762      -13726            1052
 13731      -13819             -36
 13719      -14303              88
 14393      -13594             584
 14231      -13849            -799
 14296      -14320            -382
 14151      -13666              24
 14426      -13256            -485
 14429      -13724           -1170
 14149      -14041            -705
 14562      -14145            -108
 14823      -13874            -417
 14674      -13942            -949
 14723      -13372            -732
 14332      -13511           -1351
 13902      -13861            -821
 14041      -13826             -41
 14457      -13543            -215
 13700      -13546            -914
 13133      -14208            -154
 13207      -14815            1075
 12796      -14991            1608
 13190      -14932            2195
 13817      -14385            1742
 14075      -14334             568
 14316      -13466             259
 14874      -13655            -850
 14811      -13696           -1219
 14289      -13308           -1115
 14050      -13861            -981
 14134      -14095            -189
 13528      -13835             -39
 13795      -13723             307
 13976      -14302             -72
 13371      -14627             326
 14067      -13585            1256
 14399      -14091            -482
 13826      -13679            -308
 13914      -13828            -147
 14433      -13866             -86
 14326      -14035            -567
 14348      -14125            -291
 14250      -14187            -223
 14302      -14188             -63
 14600      -14129            -114
 15129      -14241            -471
 13892      -14923            -888
 13200      -14418            1031
 13907      -14110            1218
 14129      -14348             203
 14503      -14205             219
 14542      -13795            -298
 14505      -13825            -747
 14511      -13875            -680
 13511      -13275            -636
 13676      -13264            -236
 13909      -13859            -412
 14484      -13833             -50
 14464      -13681            -651
 14440      -13851            -783
 14659      -13491            -589
 13961      -13572           -1168
 13985      -13981            -389
 14495      -14254              -4
 14379      -13815            -241
 13989      -14070            -564
 14238      -14031              81
 13477      -14167            -207
 13970      -14733             690
 14431      -13995             763
 14162      -14075            -436
 14037      -14134             -87
 13969      -13994              97
 14169      -13812              25
 13874      -14064            -357
 13372      -14283             190
 13411      -14427             911
 14259      -13923            1016
 13731      -14205            -336
 13064      -14574             474
 13379      -13885            1510
 13455      -13781             506
 13626      -14531             326
 14093      -14701             905
 14469      -14601             608
 14280      -14158             132
 13894      -14243            -122
 14347      -13781             349
 14253      -13188            -566
 14794      -14071           -1065
 14863      -14445            -723
 14764      -13668            -418
 14444      -13023           -1096
 14623      -13197           -1421
 15276      -13476           -1426
 15745      -13210           -1800
 14481      -13210           -2535
 14299      -13810           -1271
 14658      -14064            -489
 14125      -14022            -594
 13846      -14243            -103
 13785      -14280             397
 13102      -14460             495
 12812      -14847            1358
 13236      -15143            2035
 13024      -15012            1907
 12617      -14953            1988
 13362      -14359            2336
 12935      -15035             997
 13232      -14467            2100
 13308      -14300            1235
 13088      -14451             992
 13750      -14489            1363
 14030      -14412             739
 13601      -13455             382
 13588      -12980            -146
 14212      -13064            -608
 14452      -12905           -1148
 14784      -13293           -1547
 15006      -13789           -1491
 15314      -13779           -1217
 15183      -13496           -1535
 14501      -14064           -1687
 14737      -13515            -437
 14342      -13803           -1222
 14131      -14033            -539
 14205      -13949             -98
 13922      -13903            -256
 14383      -13849             -19
 14126      -13353            -534
 13559      -14013            -773
 13889      -14530             454
 14274      -14314             641
 13230      -15080              40
 13128      -15201            1850
 13618      -14826            2073
 14173      -14728            1208
 13790      -14527             555
 13199      -14674             737
 13680      -14155            1475
 13964      -14960             475
 13612      -14564             996
 14010      -14164             952
 14018      -14167             154
 13935      -14573             149
 14269      -14111             638
 14130      -13999            -158
 14094      -14465            -131
 13924      -14085             371
 13683      -13820             161
 13724      -13506             137
 14058      -13142            -218
 14626      -13733            -916
 13947      -14504            -893
 14375      -14130             557
 14840      -13154            -245
 15202      -13570           -1686
 15392      -13201           -1632
 14782      -13154           -2191
 14751      -13540           -1628
 13990      -14214           -1211
 14023      -14011             224
 13731      -13781             -12
 13434      -14028              50
 13565      -14418             594
 13798      -14935             853
 14056      -14011            1137
 14664      -13279             -45
 14587      -13501           -1385
 13348      -14712           -1086
 13510      -14410            1364
 14325      -14471             900
 14227      -13958             146
 13338      -13806            -269
 13126      -14419             468
 13820      -14317            1293
 14471      -13640             497
 14121      -13735            -831
 13625      -14033            -386
 13926      -13969             408
 13943      -14582              43
 14408      -14233             639
 14144      -13968            -175
 14480      -14267            -176
 14782      -14458            -213
 14499      -14247            -324
 13770      -14369            -252
 14212      -13828             599
 14979      -13257            -384
 14553      -13175           -1722
 14194      -13217           -1378
 14003      -13747            -977
 13733      -14313            -256
 13273      -14960             580
 13338      -14793            1687
 13985      -14594            1455
 13778      -15135             609
 13784      -15126            1357
 13721      -15140            1342
 13262      -14676            1419
 13634      -14633            1414
 13849      -14883             999
 13757      -13951            1034
 13758      -13484             194
 13992      -13843            -274
 14246      -13925            -149
 14981      -13225            -321
 15004      -13689           -1756
 15038      -13634           -1315
 14855      -13614           -1404
 14281      -13281           -1241
 13331      -13950           -1000
 12900      -14246             619
 12793      -14094            1346
 13481      -14344            1301
 14015      -14465             863
 13831      -13832             450
 13521      -13757               1
 13544      -14717             236
 13976      -14327            1173
 14863      -14006             351
 14834      -14166            -857
 14435      -14430            -668
 14505      -14439              -5
 14827      -14183             -66
 14414      -13338            -644
 14935      -13472           -1076
 14274      -14550           -1463
 13909      -14837             276
 13752      -14486             928
 13704      -13634             734
 14297      -13732             -70
 14405      -14246            -565
 13996      -14472            -159
 13859      -13654             476
 13788      -13352            -205
 14039      -12886            -436
 13342      -13445           -1153
 14214      -12991             103
 14381      -13697           -1223
 14046      -13804            -684
 14169      -13960            -242
 13869      -14084            -209
